2 3
15 34
13 35
22 11
12 6
21 37
40 35
25 9
15 15
46 1
19 8
8 24
37 4
21 7
21 9
16 29
12 18
42 23
15 24
24 6
32 7
23 30
48 4
11 15
4 37
27 17
9 12
27 17
35 22
7 26
38 2
13 29
19 12
7 24
6 28
20 22
33 33
26 15
41 30
17 23
46 35
43 9
27 21
42 35
7 15
4 18
8 13
33 5
27 20
19 36
5 36
33 10
36 25
8 28
49 38
41 4
6 26
20 1
38 26
35 14
38 37
14 25
14 28
9 39
15 18
32 21
14 17
26 7
3 34
13 27
2 26
38 16
24 15
7 28
34 7
35 1
20 29
3 25
18 21
28 26
35 31
16 19
18 18
42 25
38 6
27 5
20 37
50 40
1 33
34 7
26 39
42 27
9 21
16 15
23 2
17 27
50 23
40 15
46 18
5 12
