28 21
14 50
8 16
33 20
38 5
15 5
7 14
32 30
6 23
34 19
36 36
50 6
10 22
17 2
1 12
17 21
12 35
14 39
2 18
18 31
44 31
47 14
43 8
31 13
4 46
18 14
42 22
45 27
32 38
29 2
26 2
26 11
25 25
14 49
17 26
28 38
2 47
49 23
3 40
2 5
2 40
15 20
36 25
10 6
38 50
50 8
2 20
38 21
50 40
26 42
26 18
24 8
35 36
30 38
2 35
40 40
20 45
29 14
22 14
15 11
16 47
39 20
33 21
5 17
19 17
30 17
50 50
37 1
46 5
12 28
35 24
22 33
50 37
13 38
45 39
30 20
10 41
26 46
2 27
42 35
38 14
19 50
25 45
32 22
16 15
30 20
3 34
42 13
12 30
43 49
33 19
25 5
22 49
14 21
34 22
41 16
19 16
21 26
4 10
17 9
10 40
6 24
50 40
19 8
28 2
33 45
29 36
6 48
33 2
8 23
