32 58
48 40
44 79
21 8
29 48
2 16
20 57
31 76
27 60
34 37
16 48
15 14
25 56
35 29
37 52
4 7
32 55
10 15
50 75
6 78
42 13
20 49
14 70
1 34
17 23
41 33
41 16
46 61
38 74
22 25
33 52
15 21
20 71
50 6
25 41
44 55
43 46
36 64
7 26
47 36
6 74
9 69
29 53
32 20
25 9
48 67
48 32
15 69
23 18
1 49
23 17
37 44
23 26
17 25
12 65
8 21
7 57
38 13
2 70
30 11
4 7
43 2
25 60
36 61
18 19
7 52
16 54
21 39
2 31
36 65
24 9
9 64
21 40
27 73
21 56
21 54
39 18
40 33
21 51
7 28
32 14
45 13
48 54
2 47
7 10
38 9
7 71
49 73
33 24
25 43
22 16
43 70
26 7
42 73
12 9
25 6
11 43
2 66
48 20
48 50
45 11
44 56
21 73
31 59
45 16
8 19
33 48
32 26
12 33
8 5
7 36
36 59
24 41
12 42
29 75
9 23
37 3
21 13
33 11
26 48
17 28
50 6
6 27
47 58
2 19
22 19
1 21
10 24
3 37
19 64
50 35
44 62
1 7
3 35
42 57
24 54
30 67
39 79
38 35
28 8
38 37
24 49
44 9
14 26
35 61
26 51
35 40
23 11
18 59
25 65
5 6
18 28
49 66
48 5
13 28
14 9
37 79
45 67
39 48
42 51
39 44
16 27
10 9
32 25
5 52
18 68
50 49
13 10
23 57
17 28
