36 2
17 55
50 47
1 19
41 56
24 29
28 21
8 52
29 15
11 41
10 11
16 7
46 5
2 34
34 23
48 30
3 30
2 47
43 24
24 32
3 25
4 38
21 51
20 2
42 39
4 56
19 33
35 22
41 60
30 2
3 46
48 52
35 23
43 5
37 38
7 22
7 38
30 37
44 45
24 29
49 9
8 57
40 7
41 60
13 57
18 22
14 30
23 32
50 53
21 29
40 43
19 20
49 32
7 42
34 54
49 7
27 23
13 25
23 10
10 10
24 54
19 29
22 11
1 6
12 13
38 47
40 24
48 40
28 52
45 10
35 12
32 55
50 34
32 57
48 48
3 7
4 29
7 13
13 35
7 23
46 17
43 52
45 12
28 3
17 40
47 5
19 45
18 9
13 34
10 15
11 56
30 40
4 57
31 27
20 50
34 29
25 36
7 42
39 1
27 47
19 16
33 47
15 21
20 21
11 32
26 27
43 19
4 1
1 47
32 34
1 4
3 37
1 9
10 6
22 32
25 43
25 49
35 1
15 4
44 41
33 54
45 55
8 25
40 60
36 60
46 37
28 15
6 24
16 15
8 33
