38 300
19 184
14 604
37 76
4 704
49 232
24 503
19 550
21 575
33 404
23 203
2 673
10 92
13 38
3 126
45 232
46 428
27 386
40 568
34 275
7 761
13 322
19 91
49 800
38 504
5 699
11 369
25 761
48 149
33 799
25 174
1 357
9 136
49 301
40 473
42 575
42 377
46 492
37 88
21 111
32 251
24 688
21 400
15 162
6 319
8 568
40 236
45 252
14 670
42 119
14 521
40 690
38 99
33 100
2 51
30 116
50 667
7 763
7 166
47 515
33 63
42 356
43 717
1 10
40 550
38 284
13 622
19 688
35 175
5 316
7 37
35 680
50 185
42 612
9 404
44 315
19 354
9 574
12 319
8 445
16 294
30 334
37 515
8 212
30 129
12 755
38 246
29 151
33 227
3 787
27 393
46 597
37 741
5 387
46 751
30 664
41 19
38 113
12 535
12 47
25 587
23 125
43 467
16 341
6 479
43 177
1 256
33 709
10 693
31 108
10 303
46 682
9 649
34 397
17 213
47 208
43 428
27 63
14 473
35 315
27 749
46 312
25 631
49 796
46 207
8 249
19 21
36 392
10 348
11 431
21 617
37 496
28 459
32 630
2 260
8 585
10 695
11 25
38 665
11 646
45 10
35 593
20 694
11 8
14 667
44 262
4 427
34 229
48 581
43 80
21 719
32 606
16 785
50 737
20 506
48 595
12 552
25 243
7 370
28 691
34 145
50 262
19 775
50 332
11 485
24 364
2 358
41 529
42 599
41 786
20 680
5 436
11 636
18 61
7 147
21 209
45 396
38 34
9 639
8 99
4 82
49 242
25 289
43 314
30 636
34 686
48 54
44 324
44 152
39 374
39 595
40 628
1 450
30 620
7 350
34 288
25 525
10 634
11 506
6 380
10 34
19 233
38 753
33 444
6 519
39 680
14 566
38 558
16 254
5 127
29 616
42 497
10 68
40 482
32 419
48 659
11 68
31 480
27 157
17 173
19 658
38 222
31 537
13 389
31 219
11 482
41 238
48 65
3 698
18 117
3 647
19 719
48 482
25 112
21 242
39 434
9 197
16 528
32 127
6 680
1 371
34 172
12 564
10 136
35 240
14 133
32 520
45 105
22 449
10 725
9 199
23 786
13 555
46 203
1 322
1 284
33 183
43 717
22 529
36 250
30 363
15 379
14 258
37 260
10 662
22 341
11 308
1 770
41 467
36 351
29 738
40 77
22 439
10 686
29 623
20 199
44 346
8 169
7 654
32 379
21 96
2 146
23 383
25 367
41 687
23 209
31 87
42 303
49 471
47 284
27 302
31 601
27 618
42 570
30 52
23 472
28 340
19 303
17 458
40 477
6 742
36 89
43 325
38 386
48 540
12 20
21 457
13 302
20 314
2 523
41 273
39 34
20 571
43 509
1 434
7 369
12 486
47 208
10 289
27 443
18 170
37 67
24 781
20 742
50 61
7 727
39 429
41 632
8 379
8 253
41 651
35 747
49 755
13 419
25 601
28 386
26 332
37 225
38 272
32 680
29 351
23 397
1 168
27 181
46 258
37 797
22 204
5 215
23 179
38 242
21 668
20 228
10 797
44 243
27 584
16 746
29 335
3 160
23 279
12 455
6 135
26 552
37 739
27 361
45 13
41 221
47 630
22 62
36 5
35 249
22 23
23 717
47 599
44 628
47 613
1 113
46 389
45 328
40 566
1 431
47 216
40 183
41 317
50 184
21 388
8 331
29 776
35 440
12 422
50 245
29 310
13 393
49 461
21 421
32 168
2 120
17 331
2 604
14 687
45 381
49 179
29 763
46 500
26 510
29 478
29 336
17 23
37 711
15 110
47 739
26 624
20 402
15 134
47 55
14 147
2 564
10 559
25 77
39 107
7 503
18 252
4 45
43 520
14 545
1 37
16 356
37 150
1 533
36 793
30 139
49 47
6 82
12 557
7 741
12 619
27 591
48 342
18 682
1 53
10 506
21 211
27 177
30 110
17 523
42 465
9 80
40 267
22 167
5 169
30 451
42 710
15 375
6 569
18 423
42 354
5 596
44 514
25 14
4 88
26 701
38 403
37 334
17 332
22 308
15 23
50 166
11 142
44 737
42 241
16 332
22 217
1 322
22 351
7 116
42 585
29 532
35 387
32 178
26 103
31 706
13 236
44 683
46 587
11 458
37 707
39 529
20 715
25 288
34 562
48 419
41 476
39 183
22 82
16 677
33 609
15 627
33 36
22 519
40 522
23 763
16 765
28 87
43 492
36 731
43 44
21 557
34 367
29 253
42 110
28 697
42 164
15 15
27 157
26 51
10 297
27 796
26 443
10 352
36 787
25 401
27 352
43 427
47 181
17 749
4 615
23 437
38 207
17 282
23 552
48 365
9 741
19 127
1 105
38 168
10 60
18 61
34 82
43 728
28 623
13 666
43 567
9 645
14 577
32 476
9 198
50 732
34 191
23 64
39 340
34 178
14 337
10 332
18 789
19 212
18 133
29 362
24 546
44 164
39 440
12 384
30 151
20 563
5 386
7 654
33 643
26 349
4 781
50 376
35 39
12 318
43 770
11 14
39 111
26 523
14 130
16 728
38 202
15 230
24 166
31 764
43 259
26 623
27 23
14 387
5 159
22 198
31 572
42 422
14 764
25 681
25 522
49 42
14 786
8 418
23 442
1 449
1 339
5 669
18 532
4 166
47 141
37 659
2 325
8 243
33 369
19 58
47 85
11 62
29 680
19 127
17 256
25 547
46 163
27 699
47 441
1 336
31 715
8 350
37 581
7 593
27 572
6 251
45 104
35 749
20 595
50 701
45 487
12 276
29 388
22 153
43 757
8 387
5 114
19 300
33 228
50 200
27 497
7 712
11 275
34 515
8 156
27 272
6 385
35 23
22 252
11 208
2 643
37 75
38 3
48 652
17 247
10 606
41 197
32 125
18 526
49 396
44 348
9 585
8 270
25 50
45 527
1 681
27 247
4 580
44 343
17 540
36 641
6 420
25 422
29 327
12 791
14 740
41 502
7 534
48 114
31 75
4 351
50 228
12 26
10 428
4 206
10 174
33 671
17 334
4 24
46 244
30 402
27 530
44 127
20 488
48 205
43 206
30 766
23 162
33 278
11 281
22 318
28 692
22 488
39 376
35 797
40 545
26 533
11 52
34 579
4 403
32 447
25 704
31 762
34 124
24 734
4 291
47 744
17 395
49 320
33 81
16 795
33 338
25 136
46 151
49 187
6 129
1 312
42 226
20 654
32 636
23 716
42 36
12 59
27 222
46 793
9 512
50 175
34 746
1 670
26 692
4 230
36 211
50 448
40 41
2 21
16 359
3 56
2 352
39 104
40 494
25 202
50 393
44 157
28 292
31 30
48 361
30 633
18 292
48 386
18 306
32 785
44 109
38 175
14 741
7 244
42 701
16 342
43 215
5 716
45 446
28 752
5 351
33 737
36 648
1 516
22 773
42 138
30 43
39 225
40 237
23 366
1 127
17 137
32 764
6 126
39 634
17 238
8 679
33 81
47 102
46 180
35 377
48 767
50 600
34 34
29 277
29 55
36 514
38 57
36 569
28 80
18 772
32 525
4 599
32 259
4 32
7 488
40 219
18 40
35 320
11 241
43 76
2 790
17 713
18 728
41 378
15 253
7 407
1 580
36 373
38 227
5 575
3 76
26 747
20 101
30 764
23 737
46 107
43 635
39 716
33 174
17 228
5 540
29 469
13 66
31 90
35 116
41 94
21 534
29 251
4 332
25 51
45 364
36 780
24 39
1 510
48 577
21 664
37 88
44 674
35 271
49 546
40 511
7 607
30 724
6 768
38 688
17 134
2 608
48 63
43 727
40 317
22 444
7 382
42 111
4 505
47 435
32 115
5 749
12 518
41 106
40 417
35 744
8 91
14 7
16 34
12 438
21 537
8 527
33 72
38 250
3 644
30 688
39 380
47 125
37 692
11 634
2 205
36 51
35 445
37 391
6 263
14 423
48 542
46 166
27 602
39 771
2 697
22 532
15 280
10 122
1 216
35 252
50 454
16 51
29 108
44 157
27 488
30 665
4 136
7 48
25 137
13 522
42 789
44 539
25 768
37 15
24 345
28 646
7 669
34 297
47 273
18 669
1 439
43 767
5 751
36 23
31 720
16 365
41 77
22 661
28 299
6 278
49 22
42 762
20 185
37 286
1 158
20 459
6 418
48 711
22 15
23 266
34 510
22 273
8 380
31 798
44 296
50 427
40 440
10 449
19 70
45 717
20 435
11 11
19 574
23 412
38 639
12 568
5 492
50 450
6 141
5 598
45 446
36 428
12 603
20 106
46 774
18 645
2 445
6 710
12 500
33 264
20 495
47 435
29 742
50 760
29 159
15 586
21 670
5 500
13 598
22 430
9 478
16 490
30 732
21 636
32 81
23 30
7 506
3 17
17 446
27 158
49 207
23 513
5 590
19 67
38 749
36 225
22 747
11 82
17 601
40 287
11 201
8 584
48 321
7 289
26 226
46 94
37 380
6 584
41 372
6 648
27 559
13 575
50 668
44 719
33 104
45 253
21 141
37 738
27 178
39 462
26 239
36 520
42 19
15 127
44 128
7 236
29 155
36 11
6 653
19 481
25 208
29 49
1 20
27 510
11 59
49 627
6 672
5 737
12 772
25 699
50 782
8 203
37 575
39 722
35 793
43 56
1 502
41 240
42 60
48 328
24 512
26 443
3 717
38 58
1 619
4 501
5 629
9 686
6 744
49 726
8 366
9 403
15 365
20 32
28 721
27 678
3 230
32 796
43 69
4 164
4 180
8 300
50 672
19 113
27 391
32 518
22 595
7 139
18 707
17 386
43 217
15 192
3 252
49 510
32 569
35 84
44 128
26 287
12 718
30 333
20 72
24 340
14 582
16 360
34 94
29 9
40 178
43 553
11 668
50 561
45 382
21 294
26 246
10 706
7 689
6 755
50 391
36 312
13 728
2 418
4 553
23 279
14 186
19 699
14 766
25 400
22 139
42 350
2 383
10 495
25 542
35 101
40 522
30 500
43 57
47 551
10 65
5 116
18 732
28 99
2 487
41 649
46 210
14 652
3 411
40 566
47 549
3 259
23 779
5 767
32 721
47 393
24 190
33 538
9 334
19 361
26 165
20 432
12 111
32 167
42 780
7 631
29 261
47 660
39 163
27 178
35 360
32 479
50 113
15 557
19 472
11 379
8 305
46 108
23 405
32 435
42 574
21 257
30 250
40 517
8 728
16 744
32 154
41 332
45 506
49 687
19 251
48 594
49 56
49 445
28 68
14 124
36 390
46 647
29 526
20 150
24 21
22 477
35 668
21 38
21 773
22 66
8 520
10 63
50 284
29 574
2 517
22 750
45 756
36 506
47 561
36 632
21 783
41 212
13 106
25 108
20 498
16 147
23 181
37 230
47 743
29 787
36 565
47 159
35 152
12 290
37 55
30 367
23 328
35 387
49 293
3 494
37 504
14 452
19 713
37 234
20 100
28 348
21 509
37 440
36 750
44 46
21 25
24 276
36 197
19 470
9 435
1 402
32 494
7 190
2 495
42 342
31 510
50 16
24 110
6 183
14 619
16 255
12 127
15 320
18 130
39 200
46 331
42 754
30 748
12 222
12 430
18 239
34 173
45 144
43 580
16 629
26 759
39 80
26 160
7 257
36 100
29 177
45 729
41 454
36 118
15 276
41 600
38 140
35 769
14 783
7 754
39 452
32 728
4 115
11 620
40 281
39 124
19 678
27 196
24 295
32 303
49 501
31 750
49 63
29 197
11 547
12 265
50 627
44 663
50 539
42 615
40 529
15 531
30 436
41 405
33 734
24 579
39 504
17 664
27 97
1 777
22 4
43 283
12 60
21 494
43 447
26 580
17 346
37 727
22 673
4 277
48 724
11 5
35 740
50 45
31 163
19 401
35 49
46 215
42 191
35 464
8 217
50 446
7 61
24 107
42 636
25 509
38 680
4 499
17 45
14 674
44 22
26 64
50 516
3 241
10 306
43 695
11 691
30 666
12 110
46 356
1 758
9 259
19 387
16 544
25 349
35 483
28 199
28 513
35 712
6 197
4 33
20 473
38 470
48 701
14 731
28 611
24 485
2 495
31 599
23 403
30 169
19 377
28 520
48 542
31 654
20 310
31 60
27 263
22 349
2 227
40 320
30 800
3 257
47 282
17 658
10 171
6 578
1 396
25 136
3 331
10 192
21 442
14 55
46 201
31 349
43 397
40 800
8 51
36 353
17 746
7 71
46 616
4 583
21 628
17 47
9 483
47 69
39 323
48 678
46 463
13 585
40 258
34 508
9 731
5 639
27 448
10 98
49 403
1 53
34 314
34 94
22 581
28 266
6 50
7 132
22 389
18 782
17 273
32 25
42 615
1 604
12 393
30 753
18 756
24 193
25 90
7 129
37 535
50 100
19 168
2 754
2 315
3 110
43 6
4 559
30 643
18 124
8 87
5 481
12 759
45 110
14 153
29 308
15 174
24 347
17 573
17 466
42 48
20 770
34 120
45 150
7 500
20 543
33 392
11 520
50 22
7 512
1 502
30 275
45 47
28 102
7 316
46 221
35 609
25 233
15 375
19 200
1 685
37 31
18 12
42 595
8 368
45 487
23 319
7 389
45 40
1 84
18 130
19 765
17 179
39 297
35 216
41 621
40 327
46 384
45 414
24 765
45 79
29 648
46 526
42 172
15 215
37 108
44 343
49 367
35 540
15 505
20 794
14 357
10 505
9 506
41 339
35 155
29 494
42 688
47 246
39 531
37 326
8 471
9 598
22 553
14 459
47 795
6 69
44 121
25 326
48 286
42 752
22 63
45 412
16 7
30 133
32 596
14 117
29 369
28 592
7 553
12 668
29 249
43 779
45 118
11 432
41 351
24 720
45 18
16 560
15 96
8 433
47 221
30 746
29 735
10 120
20 600
46 766
37 622
41 477
11 676
8 780
34 690
46 685
17 352
24 557
27 727
10 437
29 756
28 297
26 472
8 31
15 449
40 431
4 345
39 643
43 788
15 294
35 671
14 745
48 229
41 629
27 283
19 35
17 176
21 752
6 680
30 58
37 29
7 153
9 20
13 150
13 763
30 602
22 390
4 244
26 235
32 45
1 37
19 161
34 683
13 58
24 714
22 238
37 373
23 667
35 758
10 168
43 264
11 194
36 721
33 144
31 583
41 420
43 553
12 639
39 199
46 100
34 681
32 22
19 393
29 6
40 638
26 448
50 611
6 625
25 4
22 259
9 517
45 306
24 210
29 633
24 190
15 605
41 337
37 307
37 553
9 108
5 623
20 69
36 453
3 513
6 798
31 760
33 279
14 337
9 647
43 315
7 787
29 242
4 790
2 154
12 453
48 344
23 299
11 70
8 477
1 534
47 94
33 383
26 706
7 352
30 784
32 384
37 287
36 310
41 427
47 441
12 227
11 600
46 512
41 153
7 220
13 302
27 667
27 389
22 685
8 781
36 584
36 269
45 482
20 329
32 79
49 185
43 588
28 568
21 295
33 558
12 692
48 745
31 394
48 692
25 700
24 716
4 364
1 178
45 463
44 589
16 442
48 719
40 623
16 424
38 684
27 219
20 396
2 80
31 131
22 393
9 226
5 741
18 751
24 686
3 280
43 587
18 595
24 786
15 658
30 601
17 777
47 800
7 503
6 770
20 544
29 210
35 519
12 184
3 630
27 79
21 538
10 778
11 720
11 1
5 470
12 257
36 772
42 764
10 710
42 97
7 594
46 602
45 64
13 139
37 134
47 592
42 3
18 466
39 539
32 300
8 509
36 664
6 616
7 428
28 72
34 309
30 800
8 309
38 319
47 430
23 610
40 581
43 551
14 163
7 444
39 686
17 91
20 583
38 215
20 437
12 253
23 416
36 166
9 631
29 537
6 414
22 322
49 586
4 210
33 601
42 690
43 443
34 564
9 396
49 796
21 112
43 3
18 263
23 236
19 87
9 333
21 174
17 771
34 217
42 80
35 17
31 326
32 316
48 539
9 478
10 48
42 610
1 127
16 345
8 114
50 291
17 52
29 130
26 493
15 177
41 160
12 218
21 237
35 17
8 571
31 311
23 196
29 211
14 616
12 19
15 436
31 419
40 731
34 196
31 701
46 187
15 21
38 462
46 772
44 326
24 162
27 88
32 6
30 686
3 56
19 197
30 275
5 329
2 56
10 460
38 85
16 648
11 178
28 799
26 124
47 747
43 623
11 145
17 133
21 37
46 655
32 459
27 322
19 191
3 407
28 391
39 507
43 451
4 521
36 538
32 568
7 133
23 416
44 177
6 785
43 597
10 233
24 607
2 474
34 207
47 13
16 78
44 345
43 193
14 468
22 594
39 707
1 297
16 481
18 450
31 210
22 372
40 285
23 460
15 420
12 658
11 31
48 480
1 301
39 328
3 631
23 155
40 120
37 383
24 20
41 190
1 487
30 142
13 517
35 636
22 602
39 302
43 83
49 324
17 360
6 582
26 696
6 345
29 7
38 522
27 149
16 142
10 172
6 673
38 484
25 798
25 577
30 617
10 646
26 170
4 269
5 60
2 383
32 124
6 181
37 457
30 55
37 73
18 117
4 576
22 24
29 676
33 134
38 378
41 489
16 255
3 106
9 482
1 658
45 540
14 77
46 759
23 408
43 299
5 246
8 731
40 763
30 178
1 407
41 299
4 132
35 140
18 247
19 652
28 620
28 752
48 304
47 298
10 251
9 361
49 205
15 730
24 666
26 528
36 108
30 11
21 316
50 453
30 207
27 189
23 233
12 541
46 380
30 599
35 379
11 64
30 108
50 315
39 548
19 62
48 757
37 683
47 39
32 172
49 643
1 541
9 570
3 216
49 122
9 158
18 289
22 173
19 156
3 46
11 789
10 492
23 756
40 127
45 148
33 773
9 485
7 278
21 751
44 549
12 365
37 91
1 265
33 631
37 62
34 694
10 312
14 280
11 357
36 507
36 332
6 361
28 633
27 698
2 496
35 566
27 584
19 524
41 51
20 564
27 324
18 284
47 358
10 156
48 560
22 301
4 257
41 10
15 506
28 397
30 517
32 103
34 705
32 350
40 753
43 413
33 62
18 311
31 435
28 245
37 318
38 637
24 741
17 664
12 131
12 214
9 793
1 458
37 212
50 640
34 43
14 431
25 535
36 208
16 502
44 125
31 642
16 527
10 390
49 176
35 752
31 151
39 93
6 717
30 691
4 376
40 35
2 309
45 18
5 492
11 313
34 717
30 724
3 331
9 531
33 325
34 418
5 176
40 763
36 153
19 530
1 736
22 29
42 644
7 451
21 336
6 527
42 44
10 357
9 190
9 767
25 313
9 618
13 634
26 345
15 714
12 697
44 786
21 111
23 49
5 532
18 791
38 211
11 221
4 498
1 341
7 182
13 152
35 52
21 714
48 333
28 489
4 6
33 688
32 486
23 653
2 13
2 19
19 407
46 551
47 737
13 697
19 351
4 70
36 132
43 407
1 354
47 182
28 54
42 86
26 213
47 698
22 800
49 203
31 714
35 717
47 628
30 267
24 176
37 587
48 574
37 696
46 744
25 710
38 730
6 490
45 577
49 302
7 279
22 111
22 410
38 589
18 566
40 285
12 556
27 51
9 62
47 229
37 249
30 262
40 10
8 171
45 125
12 470
37 137
37 337
17 202
5 368
31 384
29 305
1 611
13 485
25 346
22 790
17 487
45 431
33 632
42 429
13 360
1 48
1 276
9 326
19 276
38 588
39 559
14 130
25 519
4 741
16 447
10 28
12 433
38 738
43 249
26 2
23 414
29 99
47 382
6 235
47 516
8 380
13 219
11 282
4 558
23 557
32 503
32 552
4 535
50 176
40 484
21 764
10 453
13 540
25 444
22 796
30 340
13 475
1 717
47 710
21 416
47 46
1 109
18 711
24 281
3 472
26 535
12 154
17 451
18 358
25 97
25 339
12 5
27 548
48 450
40 594
19 655
13 310
35 796
23 122
30 536
16 173
48 598
34 227
11 557
20 57
26 694
7 208
6 153
31 705
27 317
47 238
36 320
45 195
50 393
1 674
14 63
35 382
20 400
13 507
42 421
2 558
30 111
36 313
48 442
40 409
20 343
29 651
4 422
22 342
31 211
36 370
19 423
47 429
33 233
24 620
48 484
39 258
22 512
18 17
25 347
47 336
50 610
4 177
22 197
43 611
2 373
25 16
22 389
24 7
45 454
11 611
40 650
9 346
30 690
21 771
48 675
34 577
22 240
45 46
31 15
45 729
16 664
49 636
44 293
27 585
49 651
36 233
24 516
10 781
46 677
35 50
50 180
44 687
44 80
46 438
38 390
12 260
23 143
38 556
38 637
2 192
29 663
48 298
31 216
43 523
26 193
1 353
49 38
33 151
37 546
15 409
12 578
37 395
1 530
10 270
25 109
23 82
47 119
22 533
48 279
42 563
36 180
48 233
30 161
11 140
12 646
18 791
2 551
32 694
40 141
37 356
26 282
15 532
38 227
23 398
9 655
17 600
48 336
35 792
16 773
44 153
8 639
37 81
20 358
45 270
25 390
12 156
25 792
33 630
34 225
43 514
2 601
45 649
40 274
28 150
43 159
45 216
49 238
19 101
20 557
11 462
4 24
10 471
32 190
50 100
2 699
50 60
46 654
4 198
10 633
6 70
4 205
25 141
12 579
45 562
36 91
1 638
18 138
17 571
25 312
47 485
1 385
1 780
3 140
38 102
16 781
46 703
5 476
32 190
16 221
29 138
10 701
20 375
21 49
10 732
49 654
18 198
2 763
18 361
33 191
19 366
36 202
6 453
46 12
4 715
16 318
35 419
34 637
32 379
43 528
3 48
44 533
23 457
11 645
7 118
2 663
27 167
35 25
43 507
28 439
16 704
7 329
9 535
43 525
46 153
1 286
15 616
44 476
25 495
26 249
41 117
4 556
26 748
50 465
46 580
34 47
13 310
46 290
24 167
34 411
14 701
17 306
29 721
26 589
27 759
17 80
22 477
13 35
34 475
22 327
9 736
20 774
18 72
7 207
8 257
34 553
41 596
37 733
10 768
19 499
47 517
9 43
2 624
46 695
24 712
34 3
18 301
35 409
29 9
15 148
9 432
37 234
17 183
18 72
34 660
44 92
4 664
25 174
30 577
22 584
12 199
36 619
1 195
14 671
46 212
33 709
44 322
20 221
30 622
16 446
25 216
42 578
41 524
1 787
29 471
43 336
38 483
11 194
23 73
46 423
23 698
22 491
43 448
5 164
32 273
43 271
36 248
12 305
37 242
21 484
3 442
47 431
6 647
5 543
39 600
3 763
16 139
35 646
45 203
47 651
8 460
29 524
29 95
20 278
12 693
48 222
10 476
43 423
31 279
48 162
45 785
21 198
45 260
15 115
44 446
44 469
48 472
48 475
48 391
39 275
14 139
45 654
42 48
6 565
2 39
37 683
21 253
35 748
21 138
4 489
32 800
40 417
26 283
45 132
38 233
24 389
22 665
43 334
26 582
17 777
38 1
4 780
43 101
6 329
20 647
50 330
6 491
10 138
14 783
39 532
48 643
24 409
40 374
22 45
4 269
27 189
3 338
20 318
42 432
38 721
1 183
6 588
33 573
27 602
28 164
45 369
11 160
45 408
9 352
17 692
39 727
26 294
2 307
42 747
15 415
2 786
28 54
8 354
33 479
44 601
30 514
3 61
6 211
24 51
2 548
45 349
18 498
30 119
36 507
11 310
29 520
45 40
3 203
20 191
1 345
14 718
36 8
38 95
42 381
25 90
46 584
49 433
45 114
44 239
31 91
21 670
14 762
12 188
47 102
41 46
46 584
15 21
47 34
13 742
47 150
3 557
40 791
2 524
6 41
8 437
12 236
9 439
21 9
10 719
35 119
47 37
3 604
14 214
9 683
7 120
34 183
18 731
4 265
40 198
21 504
33 42
2 443
10 350
19 179
9 335
13 142
21 387
10 85
34 425
6 648
12 457
50 606
2 591
23 592
4 298
4 800
25 6
40 665
35 743
16 612
21 623
19 760
1 771
21 316
1 498
19 231
13 411
10 514
22 694
35 747
11 69
23 284
4 319
49 538
25 366
8 750
7 621
47 493
9 790
23 350
18 542
20 161
35 222
41 623
34 330
18 78
4 443
50 561
1 52
44 573
49 591
39 725
13 31
1 330
19 475
40 626
30 464
10 624
32 583
16 583
46 571
34 612
13 666
43 508
9 692
4 298
19 580
15 743
11 618
30 698
25 4
14 506
3 577
18 348
32 105
3 377
43 664
11 771
23 98
36 195
46 409
15 715
1 761
31 293
13 609
16 677
13 157
14 157
8 692
10 267
31 595
2 718
15 399
5 260
7 291
10 687
33 640
49 366
9 255
15 153
22 89
27 553
4 321
48 498
48 405
7 107
29 458
33 637
28 359
13 691
23 53
50 344
29 476
15 710
35 313
36 58
14 200
37 341
1 273
19 360
44 630
35 103
2 150
27 264
3 628
28 409
42 622
40 131
49 727
39 410
1 613
30 551
8 413
4 688
50 281
17 589
33 453
13 264
34 599
10 454
12 393
13 381
8 606
21 621
38 391
26 591
20 751
49 584
22 66
41 324
15 219
36 467
25 395
1 431
18 109
30 220
6 601
2 664
40 777
50 406
33 734
43 146
27 772
12 615
32 469
29 123
42 369
23 27
11 428
13 265
31 261
44 469
50 18
8 174
31 681
45 102
42 389
29 369
7 394
50 193
6 290
47 697
4 103
47 789
1 683
3 71
20 331
47 79
8 449
43 123
36 197
36 79
23 59
31 257
13 152
5 313
22 512
5 532
13 188
40 352
11 192
40 22
17 250
47 41
5 335
21 729
44 70
23 153
43 322
42 731
12 306
22 297
11 268
13 792
44 787
41 790
47 503
20 674
36 704
14 678
7 268
24 224
49 709
1 365
34 675
3 43
26 346
39 518
11 731
31 372
48 334
31 602
7 589
13 329
1 178
44 149
24 295
1 240
26 694
29 279
2 318
11 559
40 324
12 331
5 599
2 406
20 600
42 724
36 599
39 390
24 101
8 784
17 577
3 565
7 76
25 458
42 666
43 676
20 679
12 635
24 484
8 216
50 36
7 306
8 6
2 25
12 190
7 47
39 518
4 231
21 276
18 78
33 524
4 248
22 652
43 745
50 583
27 433
17 71
16 485
45 605
2 560
35 644
30 418
18 379
24 546
31 654
7 540
16 582
13 736
50 190
8 800
47 90
45 177
24 497
24 553
35 78
19 89
26 194
21 184
38 273
5 40
37 209
14 389
16 163
14 232
16 722
19 291
29 328
38 50
9 590
7 315
33 303
28 475
37 573
49 368
14 392
9 566
44 206
7 325
27 578
34 773
10 748
27 211
50 328
30 311
37 37
22 90
50 469
31 729
45 650
34 653
32 552
9 34
28 185
27 498
12 376
16 20
27 569
2 672
38 487
33 364
16 497
43 490
20 177
50 431
1 87
35 156
35 592
45 553
4 123
21 135
22 207
7 588
45 784
49 322
31 417
49 251
14 12
41 122
18 425
29 184
40 441
15 2
44 180
43 424
50 769
19 732
35 2
38 723
30 138
39 351
20 424
10 101
9 600
29 489
12 40
4 771
30 606
47 579
33 600
29 752
21 474
24 194
16 619
12 293
15 434
42 486
29 497
46 468
23 421
17 163
22 376
45 9
13 327
28 488
2 489
43 23
18 520
11 291
18 363
20 701
23 482
19 308
16 233
30 754
6 611
49 158
48 503
40 336
37 490
10 52
4 385
24 7
17 66
16 287
13 489
15 439
17 619
21 458
7 423
42 553
18 515
27 25
1 24
42 668
44 723
1 749
49 37
26 92
50 394
40 171
17 71
21 411
38 716
35 72
43 758
7 342
11 255
22 175
39 339
40 235
36 748
42 167
26 519
11 456
23 661
43 76
37 206
20 435
44 200
25 654
8 256
17 750
45 357
22 778
5 623
7 371
6 371
43 199
1 477
45 447
18 293
29 714
8 230
11 697
8 746
46 666
12 288
38 496
33 428
33 38
4 237
20 293
47 631
29 489
34 6
13 449
12 789
38 413
25 541
11 656
33 697
49 239
16 337
25 250
23 436
16 51
9 730
46 217
9 404
19 73
6 647
11 410
5 209
6 114
40 363
35 64
46 332
7 490
17 491
10 781
1 258
17 104
1 469
3 597
30 373
25 682
6 568
46 81
28 547
4 185
29 595
10 154
36 623
11 372
22 223
11 600
4 497
23 759
4 617
37 451
7 470
14 603
42 756
48 352
9 568
38 399
9 283
28 255
36 313
9 50
2 136
13 119
11 711
13 439
7 20
48 800
31 203
36 699
48 272
47 35
28 706
42 176
16 718
21 471
40 194
12 373
15 757
38 767
46 739
50 429
47 629
37 781
31 9
15 509
34 130
46 665
3 619
17 758
10 792
29 209
34 201
33 158
49 505
43 786
43 782
43 242
19 711
38 133
36 783
18 674
12 142
18 378
33 721
41 680
2 619
45 764
10 331
10 661
24 754
21 557
45 150
5 762
12 635
16 91
11 126
29 739
23 749
11 141
14 226
18 435
50 626
22 320
15 631
10 191
7 81
39 744
5 442
48 294
4 223
23 726
1 305
7 368
47 723
48 89
9 20
20 67
29 97
4 570
31 599
12 63
12 279
37 338
28 117
5 580
25 252
29 707
44 129
44 222
22 452
1 484
20 310
44 478
26 562
38 608
8 764
18 36
9 594
3 371
25 279
27 199
22 106
47 162
43 117
13 612
43 564
20 521
29 112
29 338
29 545
15 247
18 701
18 739
28 249
15 251
26 333
47 591
40 646
44 472
18 791
43 780
48 349
40 391
8 274
46 720
20 277
44 517
12 40
47 49
37 558
8 626
8 350
4 191
18 483
35 643
33 379
19 183
33 326
46 217
26 764
13 644
37 382
17 445
44 677
39 724
36 96
15 114
36 76
16 561
4 678
8 365
16 304
18 11
13 181
11 489
9 191
27 211
15 91
2 367
41 212
28 276
21 530
41 353
35 108
29 15
44 133
33 378
26 513
26 249
46 798
26 580
29 176
20 283
14 10
9 335
13 583
7 107
10 738
14 534
45 646
32 19
45 7
37 675
43 669
3 89
21 657
30 243
36 327
47 545
8 469
24 65
29 244
45 678
30 157
11 187
32 297
45 560
47 115
14 136
36 409
20 562
50 503
28 395
38 401
17 337
28 268
1 678
26 178
46 294
18 641
8 354
35 313
37 759
20 754
23 473
50 777
28 751
46 38
47 113
19 420
10 547
6 764
2 41
10 556
23 524
6 555
15 669
34 495
3 485
45 669
20 551
32 425
48 33
4 202
24 337
12 144
30 64
25 522
44 406
39 635
9 97
16 444
49 595
6 456
21 352
15 651
12 663
29 79
18 314
39 401
26 588
40 756
23 299
39 163
33 198
11 411
30 564
43 395
23 717
15 749
42 225
23 581
15 133
12 752
27 438
10 628
21 756
4 277
33 670
18 691
47 107
2 490
36 416
9 319
16 666
26 552
15 181
17 710
5 300
46 386
3 546
24 679
16 493
48 617
36 668
33 285
4 706
7 150
32 145
33 568
49 282
47 649
4 354
7 609
11 163
8 619
37 307
39 609
17 125
17 533
21 142
3 401
20 316
5 661
19 454
20 635
7 108
22 440
8 700
2 568
50 772
36 204
40 146
49 730
22 551
15 565
13 379
49 185
5 506
18 349
40 216
42 610
19 182
32 54
12 228
35 689
18 148
16 224
34 436
30 480
21 362
44 698
23 622
14 77
15 583
27 175
22 504
10 141
5 702
26 616
10 700
6 150
3 256
35 334
17 553
6 671
13 128
48 223
42 79
32 723
19 778
34 366
23 468
34 622
46 649
4 638
15 328
44 406
20 703
49 669
46 638
45 660
1 255
12 256
23 421
43 549
40 432
20 568
42 129
28 107
1 233
48 601
50 545
27 308
40 740
6 131
11 284
41 563
1 473
21 407
3 86
7 668
47 375
27 634
24 634
50 27
14 32
31 717
10 747
45 333
43 489
34 776
18 8
49 254
5 450
6 268
27 683
6 332
13 783
44 384
43 778
41 670
30 350
37 43
27 693
4 213
34 19
17 327
22 144
14 345
11 791
18 113
41 349
2 497
3 157
11 650
46 584
9 458
28 785
24 645
25 205
48 4
36 453
9 528
36 101
3 10
12 424
33 660
33 571
34 674
7 80
46 440
23 298
30 249
44 632
31 770
24 684
27 799
14 626
31 538
10 316
23 452
28 721
20 380
24 455
17 179
48 683
49 234
44 54
12 511
39 466
14 444
4 526
10 292
34 623
50 618
4 209
29 752
6 515
3 452
44 479
13 717
13 391
26 151
50 393
39 520
22 458
33 788
36 692
25 762
31 593
10 624
37 115
46 117
14 171
47 349
33 111
35 419
27 10
41 79
49 326
45 528
10 786
16 133
42 67
12 238
32 761
24 342
14 178
30 648
29 300
8 474
4 527
35 220
43 673
9 291
7 53
39 593
21 3
23 724
19 434
1 736
20 308
21 164
16 486
29 596
5 396
48 458
18 717
19 482
12 642
29 52
19 261
35 503
48 223
4 756
1 638
38 376
15 278
16 467
27 622
29 572
17 708
25 537
38 237
38 466
46 734
40 339
11 274
47 104
23 384
41 331
39 780
8 144
28 61
26 590
12 103
39 186
17 713
5 667
31 749
42 228
29 636
41 56
16 21
18 573
37 691
30 740
4 193
5 549
42 758
22 346
26 658
44 153
10 498
12 264
38 312
12 344
30 258
28 767
37 646
49 405
49 597
9 288
4 758
40 777
19 651
27 631
22 384
2 504
40 567
10 351
25 20
9 508
1 712
16 355
18 641
45 558
27 514
27 342
19 3
15 200
14 774
26 719
6 153
46 566
23 60
17 421
20 348
33 69
16 685
7 438
16 91
22 525
26 390
4 799
39 780
2 668
25 581
38 226
27 488
13 456
43 759
42 166
7 241
36 66
21 754
34 700
36 50
50 70
21 517
31 678
13 429
18 661
6 754
19 181
16 767
20 621
26 794
39 729
2 506
12 208
47 31
35 55
40 600
23 361
12 174
28 723
39 209
30 397
34 212
18 240
27 340
42 65
17 224
47 580
3 143
48 550
16 126
17 632
30 217
16 780
40 507
24 47
38 399
31 390
13 221
31 87
3 227
10 266
30 470
18 31
4 387
6 490
6 451
27 130
27 614
45 215
4 89
14 621
10 413
4 683
35 28
29 41
43 253
32 187
22 648
50 406
16 321
9 390
49 349
48 606
46 625
24 3
20 502
8 40
16 327
14 756
47 626
47 251
49 163
2 340
23 74
43 463
32 26
42 757
45 198
46 785
33 47
31 89
41 330
18 251
43 477
4 5
36 495
19 584
33 337
42 311
19 356
31 773
45 205
8 538
30 425
12 697
43 227
29 199
22 263
9 788
30 493
2 225
37 658
29 514
15 327
36 200
18 699
11 26
37 311
11 406
21 477
25 226
45 43
11 518
2 317
32 666
8 214
12 395
1 291
30 77
7 112
24 335
16 317
18 276
1 610
43 572
31 581
50 18
10 166
15 210
37 626
7 35
6 511
39 301
2 205
8 84
11 582
34 435
30 330
33 1
2 611
23 116
24 615
30 514
47 600
48 547
6 66
48 34
14 579
30 412
32 14
33 161
14 704
49 14
48 556
16 90
11 112
23 375
20 631
14 663
44 144
25 662
13 260
7 83
27 551
13 139
6 115
48 159
11 167
32 577
28 278
8 415
43 617
32 675
35 206
48 800
12 118
1 568
35 671
12 787
48 80
47 105
9 388
18 768
36 745
45 545
18 76
26 466
26 744
11 661
7 67
28 513
18 120
7 131
11 395
9 330
17 34
31 49
48 416
42 608
6 346
28 645
37 613
39 290
50 575
30 638
11 37
29 118
25 739
11 2
43 234
12 13
42 751
23 59
50 57
2 270
50 336
24 458
1 789
19 513
31 276
37 630
14 441
25 399
35 388
47 766
50 587
29 261
27 52
32 539
8 652
29 563
19 78
4 145
22 130
1 297
6 22
16 608
9 789
24 89
17 755
45 674
37 196
6 134
14 650
12 251
10 769
41 664
26 624
46 778
50 590
35 611
49 352
34 613
43 216
37 799
45 715
21 206
21 47
23 418
4 652
14 338
15 554
36 743
23 492
28 692
8 268
19 404
33 604
48 234
47 182
5 273
39 22
25 253
6 765
27 449
41 231
40 386
22 139
18 158
37 28
17 51
41 410
21 714
22 228
30 11
48 111
15 440
3 147
8 407
23 127
38 622
28 465
2 151
26 111
39 616
39 173
42 683
28 456
7 451
48 201
23 476
27 251
13 582
8 295
24 347
12 612
43 199
12 478
32 418
2 414
50 456
11 363
13 251
14 503
7 145
8 672
20 456
10 172
21 517
31 190
6 232
22 105
50 121
29 771
8 137
41 673
35 351
14 411
20 614
33 145
21 486
7 506
23 767
42 553
28 688
34 349
1 16
38 29
35 339
3 356
39 284
19 694
46 442
29 470
9 322
11 245
3 615
27 101
38 337
3 748
16 581
47 488
18 466
8 716
38 710
47 345
19 4
21 340
47 449
17 759
48 188
38 80
31 774
32 164
37 612
18 99
36 169
37 56
19 218
9 615
31 174
39 427
43 74
49 356
47 2
36 128
30 770
35 646
20 537
37 486
25 338
27 749
34 649
49 400
9 468
8 593
11 227
36 169
13 79
31 556
19 46
7 440
14 599
26 671
42 72
20 773
43 292
17 56
4 717
42 203
10 566
15 727
6 603
10 305
24 652
40 142
43 141
47 351
15 528
15 635
21 344
35 749
16 354
14 393
24 537
17 78
9 417
20 95
21 731
3 69
15 444
50 694
49 78
10 147
31 575
23 424
27 702
44 405
33 759
35 491
46 553
36 281
17 138
1 499
9 595
32 495
32 721
45 742
48 474
1 257
6 143
23 688
24 331
19 496
6 516
35 496
42 710
12 447
50 377
9 384
48 737
44 596
13 778
18 798
38 181
18 151
46 378
15 629
12 341
25 304
48 87
24 442
9 427
8 731
38 121
44 711
30 763
22 635
12 97
8 520
33 352
42 318
4 725
50 678
4 574
38 407
46 571
35 590
21 575
16 668
8 546
10 627
33 7
37 370
24 472
20 109
13 484
4 725
6 756
33 218
11 787
48 378
43 76
48 732
21 207
49 355
40 61
16 228
1 754
45 420
22 599
44 763
6 395
33 33
42 41
49 713
12 725
27 364
29 343
29 586
16 709
42 251
45 654
35 21
34 665
9 91
36 660
17 653
44 569
7 26
17 681
7 726
15 367
4 443
29 573
39 597
42 732
41 3
12 255
21 1
14 502
37 178
31 446
29 649
6 486
34 377
32 673
40 579
13 228
18 160
35 620
19 162
49 469
37 189
49 371
50 249
11 182
7 481
15 495
37 84
19 165
32 579
49 53
40 200
17 286
37 492
9 651
1 785
2 321
15 414
6 463
17 156
43 746
14 317
47 164
45 719
13 210
43 789
38 100
27 369
35 65
19 158
13 439
29 181
48 271
38 112
45 625
43 467
30 641
13 792
44 599
12 124
23 477
40 419
18 723
48 680
15 201
41 308
35 478
48 79
4 542
35 690
2 391
9 89
16 145
11 66
20 355
27 265
4 122
37 539
36 524
29 286
9 43
39 618
11 269
21 325
16 770
8 669
43 455
23 774
43 397
7 575
40 645
39 689
28 635
18 344
34 736
31 443
24 309
45 112
35 175
8 395
45 568
3 319
45 248
50 21
5 279
50 200
12 422
31 177
33 450
47 627
48 256
30 641
2 34
44 139
4 142
26 556
20 522
45 493
15 62
49 295
34 174
3 314
19 164
50 64
19 378
40 618
42 169
35 188
29 297
7 228
41 426
41 363
31 407
3 436
3 316
37 583
36 648
33 29
10 624
25 566
28 592
8 794
32 220
24 506
34 631
1 401
20 799
31 268
29 264
34 760
31 609
39 530
19 80
44 734
50 513
29 270
48 672
13 382
14 697
8 413
32 689
6 354
28 465
44 20
14 676
25 295
14 513
17 432
37 239
41 459
29 648
24 83
13 5
11 385
15 125
29 379
23 148
23 235
10 147
3 440
15 321
12 356
9 501
47 647
16 564
23 704
11 313
8 382
27 270
50 698
9 603
40 101
46 99
38 226
1 45
35 392
32 481
46 689
29 414
3 579
22 644
2 635
5 748
30 225
14 411
47 219
21 628
37 197
26 746
4 568
2 75
27 474
24 641
9 55
31 703
1 28
23 732
20 610
50 730
48 706
42 28
43 39
14 8
42 279
21 709
37 503
17 205
44 260
35 711
22 195
49 218
46 341
12 271
34 783
43 158
15 735
23 189
23 58
11 176
43 34
1 241
41 14
11 493
20 690
14 673
29 205
42 519
20 135
44 710
48 532
33 478
41 308
40 336
14 735
29 566
17 669
23 307
35 23
29 199
36 149
19 156
23 735
10 209
48 455
31 649
7 414
12 185
25 596
8 544
36 789
38 602
48 685
47 509
11 735
38 771
16 65
5 59
39 511
3 383
22 231
9 101
34 655
1 410
7 513
29 775
31 310
2 424
44 72
21 465
31 592
14 572
50 4
30 97
26 35
24 89
43 725
35 316
22 600
39 474
35 450
32 199
11 138
21 314
19 341
11 671
33 222
49 334
24 247
17 637
49 388
22 276
6 103
1 754
49 579
38 52
4 242
35 404
21 667
16 268
31 394
8 554
36 732
45 398
33 448
5 499
15 716
20 510
22 552
7 221
7 319
20 647
21 5
23 140
25 758
26 450
23 664
15 161
17 251
22 369
33 368
11 647
4 148
18 305
46 506
3 117
9 296
1 550
44 455
20 185
12 739
47 169
29 252
44 618
11 751
50 655
17 223
50 739
48 254
1 605
28 676
33 701
9 650
46 105
26 627
39 392
25 762
6 507
7 448
7 727
36 484
17 714
5 390
16 733
22 25
4 97
23 726
35 190
37 420
9 754
20 608
48 520
17 369
18 463
38 268
5 324
48 124
49 317
27 622
3 228
34 484
26 480
30 798
41 255
5 404
48 332
42 771
49 768
4 388
30 71
17 229
19 725
33 776
34 167
33 503
21 465
21 545
12 317
21 233
19 39
32 782
25 109
45 647
21 421
6 456
3 195
40 772
10 192
45 377
24 288
10 612
41 150
10 181
16 472
27 560
38 239
23 427
17 270
34 570
28 427
2 618
16 787
1 96
49 67
35 613
19 600
30 778
50 788
36 774
9 708
36 651
39 188
1 249
48 35
9 636
24 787
35 283
22 675
14 396
40 11
22 401
30 594
1 24
14 288
16 122
26 395
7 143
38 187
34 148
33 764
42 793
33 120
12 754
1 389
14 215
18 225
10 560
24 668
41 455
43 690
39 562
15 508
25 481
15 31
14 135
40 584
49 69
31 498
48 694
20 6
22 414
38 71
2 169
29 710
37 312
14 743
20 523
46 7
26 647
7 650
24 716
39 628
11 642
37 188
9 562
48 169
46 270
50 385
9 243
44 295
33 148
8 247
5 221
31 139
23 120
35 507
34 121
45 610
47 650
49 433
22 526
20 435
47 311
13 40
21 66
4 642
23 352
22 398
12 109
50 578
25 291
24 609
43 508
39 39
13 598
8 534
34 566
2 554
6 73
1 111
39 756
28 481
17 394
50 783
25 714
46 122
38 348
16 562
3 446
40 216
30 694
24 85
4 369
23 51
27 47
27 707
9 401
39 717
25 292
42 299
40 513
38 14
50 109
7 638
12 75
49 743
13 63
50 242
17 370
9 258
27 535
7 34
3 322
27 251
10 721
22 401
48 429
19 239
29 756
1 243
30 668
44 615
27 412
10 251
27 727
15 714
27 154
18 644
10 546
36 172
23 460
27 105
12 582
39 386
19 419
36 20
13 323
17 303
24 473
26 241
42 568
38 355
41 600
14 430
21 547
15 493
17 381
45 625
26 278
40 483
17 699
42 583
20 438
32 230
10 240
30 525
18 220
4 638
47 587
28 184
49 107
3 215
44 596
5 535
20 334
32 656
33 177
48 593
18 553
12 25
14 541
44 545
13 775
50 549
28 682
34 641
49 302
21 47
16 271
47 617
20 718
34 307
6 44
23 747
28 637
13 400
4 460
34 603
9 634
23 782
30 393
1 541
1 270
27 34
7 241
30 453
40 764
32 721
36 311
1 470
15 475
30 731
46 187
31 738
24 400
12 316
5 610
3 179
46 478
37 125
16 549
47 436
38 62
35 569
29 311
5 698
18 261
16 439
23 225
25 775
9 495
1 288
34 585
18 373
43 495
8 584
16 325
32 210
34 395
24 146
11 374
13 202
11 276
11 460
24 699
31 295
3 670
10 764
32 588
13 111
48 429
32 514
28 2
5 414
43 756
37 155
25 732
13 185
37 5
48 132
10 500
7 736
12 616
7 184
50 722
46 642
3 91
30 712
7 175
17 735
6 480
37 458
21 371
9 479
27 641
21 628
7 47
32 5
9 222
45 580
17 243
11 633
35 629
41 438
1 762
15 368
41 411
14 287
49 313
22 605
12 469
15 39
45 609
1 785
27 233
7 763
30 293
41 527
7 712
50 708
33 783
2 383
30 266
45 224
31 528
30 264
42 442
36 291
45 623
40 486
18 685
38 414
32 76
17 686
2 384
42 421
34 589
50 680
7 45
15 526
15 255
40 793
48 428
41 238
28 752
49 342
33 415
19 81
38 537
15 601
35 749
25 104
13 322
2 238
31 13
46 541
46 244
4 343
9 19
2 395
8 317
15 197
32 445
21 365
10 61
18 697
13 640
14 467
17 213
38 254
49 427
20 148
7 612
26 113
43 577
1 742
38 262
4 520
40 744
21 110
39 246
25 67
21 532
27 294
17 149
19 347
39 94
11 133
47 92
45 414
18 358
2 762
27 662
35 73
31 448
19 676
32 632
15 363
32 427
44 653
28 545
25 586
43 675
6 237
21 787
42 762
46 639
24 278
39 196
42 420
26 50
49 403
4 108
43 753
9 174
25 412
44 183
7 205
13 625
50 728
25 651
7 108
6 517
46 196
9 507
18 324
41 541
28 606
5 217
11 113
10 322
49 671
31 256
38 464
16 776
47 267
44 446
6 595
40 604
8 266
35 680
48 679
40 467
33 369
38 694
39 34
4 489
36 618
49 662
42 285
18 420
32 541
22 217
10 230
24 730
35 371
30 287
3 710
34 653
50 726
50 52
5 604
20 457
40 330
36 106
13 234
19 606
9 717
22 584
16 262
31 695
36 173
15 438
36 92
6 127
15 318
32 70
45 98
28 167
25 101
27 790
17 676
34 164
9 551
30 747
37 733
21 724
32 525
13 383
30 272
21 248
17 315
4 621
25 705
17 575
6 797
1 442
18 498
38 297
25 431
26 693
25 166
8 407
48 218
3 114
22 635
8 48
30 94
20 176
5 437
50 145
48 265
23 331
8 115
1 416
48 244
29 310
8 389
6 695
32 787
36 517
9 643
31 191
11 613
8 124
26 178
25 133
25 211
36 187
20 745
18 522
8 751
16 380
16 474
9 686
20 250
49 74
21 287
15 738
33 432
16 461
29 689
6 588
43 291
45 745
8 549
41 533
28 785
17 298
10 654
8 459
6 660
23 47
10 637
23 505
23 444
12 372
47 453
30 42
24 369
27 115
48 482
36 161
45 79
2 429
15 55
27 630
7 643
15 64
41 638
43 695
19 238
28 134
7 279
23 169
35 263
35 292
28 231
35 334
32 221
30 565
30 81
23 685
36 705
37 307
50 92
13 454
13 199
30 308
11 195
40 520
35 335
18 305
35 137
39 464
49 364
13 506
6 123
38 656
13 115
43 315
18 273
22 403
42 277
9 236
11 621
26 630
26 545
28 624
32 466
35 379
26 258
14 464
39 614
3 112
39 727
47 75
25 697
5 443
30 385
30 308
30 221
6 689
18 792
25 760
48 399
38 660
20 97
45 356
21 77
32 280
4 210
47 627
8 361
35 480
38 176
36 160
43 764
3 698
3 406
8 794
2 787
17 304
17 246
35 75
41 396
19 532
31 623
19 159
36 551
12 178
46 308
7 158
34 618
33 46
33 793
18 186
46 404
16 581
43 367
5 425
45 138
13 316
37 752
11 181
45 785
7 438
14 25
27 365
5 377
14 737
27 264
14 40
44 602
46 211
1 288
4 726
20 324
9 82
48 356
3 267
39 110
17 27
34 543
4 445
29 409
14 477
5 753
30 561
4 445
23 370
33 498
29 179
20 214
46 662
22 277
11 646
29 771
40 599
5 178
39 628
1 157
4 622
21 724
6 16
3 249
1 380
43 19
36 226
48 726
9 791
1 286
7 210
2 209
33 111
2 422
50 186
30 169
30 360
31 466
34 635
32 405
23 307
7 333
49 647
48 371
17 91
14 542
32 478
35 277
30 153
28 44
5 93
9 484
40 328
43 525
48 227
27 675
26 80
50 69
43 336
46 160
2 506
23 194
47 734
4 225
6 147
17 341
35 673
31 743
32 480
43 343
32 700
48 369
33 439
30 424
49 563
21 425
38 108
43 734
25 257
29 168
17 752
38 178
5 97
16 136
17 186
6 586
25 782
46 673
40 742
6 726
39 140
38 663
1 90
13 720
14 699
50 238
30 791
36 242
27 300
46 155
5 595
40 489
17 712
27 354
10 195
44 372
15 793
36 621
34 636
30 41
40 456
17 778
46 784
2 634
7 737
8 681
18 199
26 422
19 670
5 148
36 267
46 576
16 107
22 712
8 779
32 100
17 724
3 546
27 136
41 375
3 180
16 776
39 411
14 702
49 170
50 784
29 685
39 611
4 628
10 184
40 167
39 730
11 136
35 239
22 678
15 416
2 503
15 322
1 155
29 697
40 744
13 601
48 690
17 729
45 504
37 672
25 604
15 117
12 522
13 549
31 211
19 648
29 334
20 297
16 711
4 682
17 124
38 330
25 631
40 283
16 283
32 540
15 536
1 702
15 183
46 386
41 669
20 553
5 581
10 51
39 688
45 160
47 575
3 193
39 613
44 786
42 744
22 200
11 739
18 519
1 50
26 124
22 377
11 551
42 800
20 91
1 512
9 432
17 412
47 83
43 390
23 238
23 624
48 386
43 325
4 297
8 726
34 469
35 717
30 723
2 586
38 723
25 397
35 436
4 376
4 733
22 13
12 446
12 642
27 530
13 438
35 525
26 685
4 232
44 556
20 53
41 679
6 417
34 70
12 345
26 81
16 557
7 692
36 334
23 637
42 735
19 525
10 308
34 743
15 785
35 367
2 646
22 286
16 469
4 682
11 182
15 35
32 325
20 355
4 158
25 109
14 333
23 569
31 681
4 730
1 317
7 675
16 515
1 352
4 420
27 383
24 4
7 40
23 75
23 167
12 326
39 114
37 468
24 680
47 311
32 291
5 278
34 28
23 137
1 55
35 197
36 397
10 497
8 171
40 674
12 417
34 491
42 464
7 98
20 675
1 289
32 169
5 433
13 715
19 634
9 451
37 566
35 363
7 155
45 25
9 320
8 202
49 365
4 104
28 186
41 50
42 103
9 39
25 216
1 421
5 208
35 747
45 42
43 610
27 48
28 54
20 609
39 342
11 637
1 666
36 786
24 535
28 10
43 369
48 516
26 591
29 516
33 754
50 800
50 441
7 52
48 321
22 750
28 160
50 512
25 112
31 78
6 491
12 69
11 635
34 466
46 388
29 413
17 112
37 534
34 230
35 477
12 592
34 682
46 167
3 238
11 56
16 637
21 292
32 287
26 126
46 702
5 264
5 491
24 697
30 24
42 316
43 374
44 628
6 210
37 574
17 385
12 113
44 714
1 457
22 318
30 259
17 199
47 415
15 221
20 474
10 77
7 500
25 483
10 67
14 759
12 212
23 492
12 662
47 320
37 571
23 624
15 672
12 51
6 481
16 603
24 252
48 652
16 40
30 499
44 745
6 589
17 43
40 211
43 634
46 71
20 407
9 244
24 259
21 575
5 706
31 472
47 200
35 570
14 219
17 691
30 214
35 151
2 155
49 740
49 325
14 301
45 776
48 537
28 406
12 394
21 331
5 711
25 588
20 506
49 285
34 551
35 745
37 788
50 92
11 358
12 271
36 413
13 720
7 620
11 723
38 178
44 137
14 379
38 441
1 220
1 343
32 794
18 700
4 191
19 702
13 395
14 81
17 200
12 390
28 444
8 367
42 426
14 604
41 737
3 558
22 115
36 546
15 542
8 314
31 361
8 363
24 405
24 610
34 57
35 658
37 11
6 671
35 297
46 204
6 310
47 173
26 635
9 414
41 328
12 743
35 413
20 501
41 53
27 343
44 169
40 778
7 600
47 56
31 694
45 513
1 225
49 418
6 659
26 162
22 641
40 567
13 308
36 661
49 224
32 393
10 217
6 653
17 362
36 382
15 576
27 569
19 215
13 611
49 14
43 473
11 569
19 497
27 323
44 214
43 386
49 559
4 570
38 602
28 700
8 600
8 451
43 121
49 760
27 138
21 77
21 532
17 202
23 582
38 756
32 153
32 565
16 485
47 230
30 781
48 226
26 606
8 58
3 242
4 710
7 122
35 532
13 49
19 228
5 495
15 796
16 231
21 748
11 321
3 671
18 54
33 657
20 41
45 317
26 172
46 458
3 7
3 791
50 92
19 557
24 89
25 51
39 776
39 116
40 226
31 192
38 413
12 736
16 342
39 558
7 688
42 638
15 7
2 292
37 231
40 393
31 516
26 647
14 310
4 441
43 2
45 270
23 385
34 118
12 469
50 572
22 440
2 689
39 703
2 61
18 359
11 140
38 135
8 40
7 66
17 14
33 593
33 719
25 91
23 529
6 192
35 70
15 721
49 204
7 206
2 237
43 21
4 377
36 248
14 301
13 336
41 140
12 596
11 333
14 299
36 663
22 99
32 110
11 561
16 255
8 347
10 161
40 768
23 465
7 14
2 713
26 677
49 69
30 786
21 253
38 23
45 210
26 653
7 576
24 106
12 399
37 102
48 732
32 34
21 534
46 205
1 314
24 437
44 415
40 448
40 719
45 10
49 3
27 228
25 271
24 63
37 493
15 446
14 668
47 287
40 221
38 583
34 588
28 179
17 526
25 289
44 462
43 459
50 700
25 723
39 119
1 457
14 676
34 466
29 117
24 114
11 198
41 571
46 337
46 720
10 334
23 395
39 658
35 363
30 281
7 145
31 575
33 125
19 113
35 450
25 372
10 253
17 79
8 215
13 374
42 251
24 280
34 252
20 103
6 450
25 630
19 653
46 21
43 163
39 597
50 15
36 195
47 145
50 89
22 784
45 699
26 604
14 27
40 169
7 51
35 621
15 654
13 594
34 10
47 746
50 446
9 267
38 740
14 733
15 199
2 544
23 381
6 213
3 647
44 783
42 407
26 713
16 142
38 169
36 379
46 716
16 456
25 664
4 591
45 780
49 693
40 255
13 521
46 442
10 156
50 575
27 201
43 111
17 22
48 735
17 104
2 632
20 215
24 191
3 298
4 729
22 245
26 409
47 21
46 132
31 725
5 434
44 268
1 542
9 177
41 670
9 526
41 22
26 597
43 283
35 777
47 146
24 56
28 388
41 525
14 208
9 152
29 703
6 200
27 463
25 294
44 757
38 461
26 138
7 566
40 244
41 162
4 530
7 606
36 408
50 616
20 658
21 416
50 644
42 354
40 262
44 655
25 675
40 646
9 614
29 718
27 110
39 589
44 222
49 29
14 8
40 350
50 230
12 91
49 752
49 497
8 256
31 190
18 309
45 663
37 430
16 129
34 132
44 722
1 87
5 115
32 148
44 718
2 726
49 254
24 727
40 436
15 241
36 463
31 101
33 574
16 156
44 569
37 413
41 151
33 515
37 626
18 535
11 777
34 338
29 282
32 669
46 773
14 444
30 382
23 192
31 654
45 515
8 495
15 246
19 775
29 334
13 787
42 103
17 683
45 276
31 31
23 476
41 130
37 500
26 732
13 723
47 27
11 104
7 310
43 32
37 587
1 495
19 375
36 496
17 343
26 596
24 31
45 635
8 501
41 559
32 259
1 198
46 754
29 222
25 696
25 118
37 164
15 663
14 391
23 603
29 43
11 674
33 385
39 578
9 288
9 229
28 418
28 124
27 276
33 672
33 728
47 721
9 186
38 284
7 530
37 473
46 208
49 587
49 164
3 390
34 698
15 88
10 197
36 791
26 358
25 72
11 423
15 200
39 694
45 580
27 668
20 240
43 713
34 264
19 340
36 438
13 587
7 63
27 437
2 717
13 486
32 427
45 280
2 656
49 6
41 219
25 369
38 287
39 73
8 480
35 502
16 720
12 545
45 161
37 3
33 239
32 777
14 182
42 594
9 752
10 251
33 156
8 495
45 173
12 416
5 322
41 624
47 219
12 134
15 480
9 373
21 316
10 132
27 590
24 13
21 37
50 92
8 88
39 695
47 239
4 261
25 444
5 205
12 577
30 3
28 758
44 718
5 522
43 330
20 515
27 365
7 643
5 136
13 727
14 792
17 126
30 274
49 646
10 277
49 273
15 323
17 130
40 578
2 170
26 245
21 602
11 615
20 326
4 415
24 708
3 129
45 539
6 684
46 627
33 222
23 521
19 680
7 51
45 235
25 412
8 698
33 8
24 208
45 271
38 285
39 50
11 626
31 136
15 488
34 549
45 698
9 393
26 413
13 290
40 602
45 263
33 502
2 726
45 226
41 691
6 237
22 135
29 116
49 521
4 510
32 109
44 133
36 383
18 713
43 689
37 474
36 661
27 71
16 684
22 102
46 450
1 670
22 265
44 20
13 189
2 666
32 366
31 147
14 219
50 67
40 467
35 199
24 114
11 434
8 470
6 443
35 231
1 600
14 718
1 65
32 738
11 271
3 615
12 49
17 433
4 363
23 45
42 748
39 234
32 29
42 543
43 716
27 453
38 746
33 707
11 48
6 625
34 308
42 543
14 384
17 25
44 378
18 753
8 75
13 596
36 710
33 438
46 364
43 182
5 249
20 418
14 494
11 95
5 443
15 341
15 657
35 592
26 429
37 245
21 689
13 241
47 275
19 417
1 493
16 616
8 326
19 404
14 233
20 81
14 430
17 776
3 29
2 685
5 664
41 493
6 293
21 501
37 788
6 220
34 193
47 526
35 296
42 90
39 192
5 265
46 411
42 25
30 228
30 298
30 129
48 776
23 606
49 395
34 755
39 443
38 68
10 1
35 554
48 572
40 741
33 182
11 29
7 61
34 467
13 764
18 727
16 759
15 107
17 782
46 796
34 218
8 151
41 47
13 312
18 248
44 27
49 534
8 394
9 551
20 160
46 344
21 196
44 64
8 224
3 36
35 60
2 424
22 728
29 7
17 796
17 50
30 69
3 162
7 328
29 522
6 792
31 756
3 32
26 210
31 740
18 35
13 355
46 522
48 334
39 331
49 713
8 704
34 570
16 54
1 626
15 409
14 247
28 340
16 136
35 352
12 221
17 678
21 195
17 164
4 737
28 341
40 403
10 45
40 650
15 678
10 371
32 405
39 475
41 720
41 791
1 65
45 695
40 174
46 122
15 782
5 157
18 500
42 693
10 256
48 206
10 653
30 259
39 54
24 739
42 306
13 779
34 303
11 665
40 280
49 230
47 543
4 624
1 35
14 605
10 667
2 634
34 473
18 180
6 581
48 310
32 669
11 791
26 793
25 761
21 482
16 119
27 201
9 333
3 383
30 548
12 61
41 527
34 151
40 157
26 369
9 705
36 139
47 177
7 330
8 768
38 549
46 175
18 15
3 349
4 511
5 19
6 467
2 745
18 391
12 64
6 443
25 342
49 348
31 115
46 252
17 592
28 692
42 92
30 384
18 615
8 709
16 591
22 223
41 613
29 755
8 586
40 685
10 90
18 364
34 338
33 682
14 789
18 79
20 792
49 689
3 445
19 315
36 224
14 454
42 151
19 261
50 189
44 356
42 485
41 752
9 591
28 655
46 162
29 309
28 213
32 656
6 457
17 475
36 112
35 274
2 71
4 72
31 567
1 526
20 123
39 456
11 574
50 555
4 490
5 683
31 330
44 585
7 474
39 170
35 756
30 287
7 122
37 565
32 618
43 647
1 120
21 617
18 315
24 292
35 141
38 800
47 136
13 265
30 678
9 227
35 67
16 357
8 501
26 260
20 672
29 527
39 150
1 323
13 154
31 528
18 74
12 338
6 37
28 646
21 725
3 693
22 205
40 697
34 663
35 356
28 169
32 30
11 350
21 537
6 585
39 515
13 179
33 138
50 214
29 570
24 310
14 753
18 435
5 35
3 410
46 67
18 679
45 155
27 133
29 479
30 71
42 605
33 265
9 439
10 800
42 52
34 65
7 552
32 457
15 800
39 260
16 266
7 342
31 39
42 154
50 200
6 132
41 417
49 34
4 708
28 413
34 197
35 690
44 107
22 171
26 676
20 9
44 290
30 540
26 549
41 324
2 737
30 339
23 455
29 289
23 683
26 687
50 25
38 18
1 773
15 41
34 777
36 198
50 164
38 595
1 674
22 293
22 604
38 312
18 749
20 202
38 212
15 575
47 325
48 778
49 466
34 253
30 579
17 482
1 699
44 217
11 199
34 572
36 495
24 740
21 121
34 340
10 710
13 506
25 31
25 77
23 321
39 460
35 15
39 184
10 756
28 163
6 143
44 48
20 771
42 603
42 506
24 188
40 84
44 376
38 183
12 263
1 658
24 363
39 9
22 598
43 722
35 90
30 482
4 467
26 523
19 7
40 717
48 346
30 611
2 249
48 322
28 306
34 687
27 650
48 241
26 256
26 610
21 533
21 473
24 63
37 10
11 730
25 600
39 431
7 100
2 534
13 329
10 699
10 153
1 51
43 391
17 232
18 269
32 480
11 97
12 761
10 197
13 217
10 677
42 390
1 747
24 658
21 405
13 507
48 532
2 373
27 770
18 623
10 619
4 466
45 427
45 758
35 580
15 83
3 573
15 457
22 299
24 544
35 54
47 232
24 360
27 449
22 147
8 443
33 130
27 197
33 34
30 238
9 787
4 99
14 378
9 135
34 143
34 170
19 122
32 124
36 14
3 107
4 239
44 34
21 208
3 714
50 561
29 550
40 468
14 167
23 515
2 112
21 584
32 564
38 443
49 553
23 610
48 175
41 699
48 111
24 179
34 316
45 100
16 565
28 782
47 765
40 145
40 647
11 709
18 89
38 101
17 172
30 34
29 339
31 111
40 419
23 640
27 736
12 717
21 529
29 362
27 800
45 347
37 339
43 702
20 533
27 798
12 723
3 613
30 632
41 205
38 584
36 398
26 643
34 86
42 640
36 595
49 580
47 115
3 568
20 368
27 161
30 469
46 208
30 632
49 417
36 409
5 262
48 374
45 391
30 694
26 551
13 220
24 175
11 374
11 725
36 252
17 719
16 464
19 15
41 70
6 540
2 704
20 337
31 16
45 401
36 636
31 765
50 34
19 260
21 708
32 165
47 92
4 748
26 415
47 116
50 259
27 297
45 277
19 27
42 303
15 432
22 745
15 774
4 14
33 557
5 423
38 323
49 514
28 636
15 645
27 124
30 353
28 718
13 703
15 295
13 777
11 262
49 74
14 521
33 3
15 52
25 36
27 461
47 12
33 53
6 337
32 427
16 17
24 634
24 443
17 223
45 704
50 409
2 721
44 537
16 231
43 325
42 698
47 484
46 568
28 481
8 144
47 210
29 680
11 345
2 166
14 288
34 703
5 355
27 713
15 209
35 152
1 134
26 542
28 438
19 94
22 577
13 148
49 58
30 171
11 791
33 238
35 344
10 61
35 693
27 459
37 158
11 401
37 778
12 681
23 129
19 74
24 656
46 774
34 98
5 212
15 234
13 627
10 546
30 743
37 699
20 676
49 107
48 575
3 673
40 514
15 314
43 525
3 756
24 167
39 266
14 242
38 491
36 228
11 365
45 245
6 473
30 44
10 52
26 41
24 434
4 781
20 214
8 544
44 378
1 765
48 293
39 701
32 324
33 48
12 55
27 638
43 778
1 149
22 201
17 753
14 61
47 631
28 57
13 627
38 634
21 42
20 525
44 177
20 430
28 333
14 401
10 163
17 275
50 114
14 499
22 165
40 378
12 271
29 629
30 238
2 407
17 584
42 705
47 392
39 325
32 430
43 635
38 434
26 461
10 22
32 175
2 401
34 268
33 27
50 642
37 570
26 473
18 493
44 655
43 195
8 248
12 700
41 177
11 779
42 121
13 683
43 591
26 409
6 564
28 63
23 333
29 600
20 666
48 682
45 156
21 443
31 434
45 205
24 627
16 279
27 724
36 491
37 157
12 389
14 734
3 743
33 436
21 313
29 177
8 447
20 121
15 762
44 276
12 261
20 530
10 291
8 386
49 575
42 684
11 149
35 742
35 794
31 118
43 163
22 148
17 237
5 658
26 435
22 106
50 405
11 402
47 146
35 306
37 342
32 114
24 402
37 63
47 778
47 693
23 663
15 149
11 581
16 148
29 344
1 652
14 262
27 501
14 729
33 511
10 276
34 20
47 687
13 699
9 457
13 768
23 783
38 563
24 392
43 142
50 270
42 629
18 610
15 690
48 73
9 624
17 312
37 511
45 6
6 504
3 274
14 581
5 24
31 200
22 7
19 45
43 242
29 78
33 544
38 255
39 529
15 133
40 696
8 725
38 38
50 167
21 168
15 652
28 474
7 531
4 81
33 34
49 595
38 748
33 645
37 531
19 11
1 319
15 236
8 204
11 487
13 89
15 686
23 307
2 196
19 362
41 477
7 728
33 223
3 314
42 256
6 549
41 303
42 650
9 372
47 714
49 196
40 579
49 504
38 531
10 304
15 58
1 146
37 85
34 94
50 298
29 596
6 784
25 290
25 357
14 365
47 752
37 672
50 737
2 684
19 262
47 221
36 758
14 243
34 21
44 92
44 345
11 649
38 503
41 12
43 194
41 611
40 178
7 48
41 85
24 428
9 390
11 631
45 471
41 379
47 631
7 573
44 217
45 497
40 92
17 163
49 151
27 83
50 595
37 492
27 781
8 297
9 280
21 375
48 96
40 32
26 185
9 79
39 544
18 434
47 570
37 714
38 311
15 43
43 335
7 251
14 18
34 756
24 418
26 356
29 3
10 60
24 724
2 429
38 275
6 690
44 791
48 320
12 256
35 66
1 94
25 545
31 791
26 162
50 700
22 614
15 464
7 484
24 576
11 796
5 617
29 236
37 244
24 278
6 414
29 267
12 350
5 525
21 590
35 251
4 23
37 314
14 249
5 579
5 212
26 513
50 730
50 353
10 469
33 622
11 635
6 270
7 423
31 137
6 473
25 108
19 379
37 363
2 559
40 303
48 457
12 142
36 727
23 710
11 445
23 148
31 771
43 182
36 389
23 350
4 648
33 146
30 398
4 436
2 647
43 339
2 797
36 649
50 718
3 45
32 624
10 179
39 47
6 241
45 796
47 107
49 254
34 292
49 614
43 178
38 347
20 417
36 706
9 376
35 50
21 5
43 455
21 237
16 190
34 63
29 111
8 184
18 168
47 147
37 291
4 684
49 590
7 425
39 495
21 517
38 709
20 563
14 543
38 468
4 427
2 488
39 134
13 602
34 310
32 699
36 257
39 320
4 673
23 796
22 398
3 250
6 505
33 132
34 347
22 199
48 313
43 553
46 3
19 283
31 481
33 777
21 749
37 7
2 167
11 533
9 161
2 147
5 504
44 65
26 181
16 367
13 256
13 760
45 553
20 493
24 263
50 506
20 697
38 437
15 782
47 463
40 364
25 148
48 321
20 447
42 721
45 448
37 103
47 374
12 181
26 687
41 647
37 166
37 286
19 308
24 536
32 610
26 597
21 702
18 403
17 226
42 313
36 384
4 268
46 153
12 347
37 338
22 380
1 684
49 631
15 238
46 781
15 666
27 624
49 777
50 401
35 339
31 405
1 153
40 29
44 664
28 407
1 731
16 215
4 549
16 752
16 461
49 555
4 254
29 507
13 494
42 396
34 6
30 137
40 608
45 795
49 686
28 280
24 406
43 148
43 284
35 657
36 113
36 692
11 368
25 616
49 327
36 797
42 708
37 769
2 209
23 742
16 127
5 270
27 716
28 637
38 150
25 342
25 76
26 792
34 341
12 284
43 363
3 547
30 609
48 490
9 524
10 434
24 86
41 160
17 552
24 677
47 664
48 552
15 417
26 339
11 732
10 579
49 645
35 735
38 148
47 381
33 456
2 243
33 760
24 269
35 270
45 387
12 409
25 515
27 267
48 536
14 670
28 487
12 283
45 368
18 791
7 355
33 629
14 228
14 359
12 444
49 68
43 439
21 499
44 504
25 342
9 618
10 358
40 717
28 503
2 730
3 507
9 637
48 153
19 194
10 789
16 407
20 138
2 622
11 680
27 236
11 545
41 601
15 735
31 100
36 101
16 752
14 19
50 714
39 789
39 389
42 88
34 322
6 418
25 653
22 108
40 631
38 258
8 262
35 718
13 743
44 602
41 205
21 205
10 466
18 102
25 643
8 306
11 735
5 745
1 733
20 32
31 282
13 419
10 86
43 69
4 419
20 413
43 192
45 264
22 315
13 8
45 698
48 188
33 691
46 288
5 353
29 645
35 38
4 560
20 759
14 594
3 617
7 504
48 758
46 9
34 789
27 144
37 732
42 609
6 692
5 460
15 493
11 126
12 432
2 686
6 470
34 116
43 451
26 429
31 756
26 730
27 328
41 97
17 677
38 697
47 174
13 258
1 520
5 447
46 743
39 774
27 638
36 654
22 539
39 106
34 245
21 152
38 776
35 493
46 374
28 448
24 498
22 311
42 101
31 23
10 194
49 184
15 776
21 582
29 623
11 604
2 769
43 270
41 357
26 546
50 39
46 625
13 77
39 677
20 794
6 640
3 421
29 544
5 189
16 318
47 349
45 307
17 160
46 665
12 700
39 79
1 666
49 706
17 173
5 93
35 170
7 132
33 637
29 299
47 459
13 433
28 588
20 211
13 205
1 244
6 127
50 435
29 400
36 67
26 513
29 517
11 662
2 333
18 74
9 695
18 81
26 355
11 108
30 605
23 644
19 633
39 771
40 151
30 537
25 785
17 657
33 772
9 195
35 492
37 381
21 417
7 635
16 27
16 794
36 684
7 112
29 33
23 795
29 772
29 22
25 661
12 29
7 284
45 506
44 168
22 635
27 85
9 286
31 243
34 53
43 233
34 277
20 418
8 289
29 50
33 475
40 203
26 375
48 367
6 656
19 489
26 132
24 337
4 462
32 695
47 473
8 790
21 336
4 617
45 53
17 405
27 339
26 398
4 684
45 682
24 325
43 466
3 355
27 737
45 399
22 489
29 753
8 213
37 374
18 567
14 642
31 365
12 649
33 95
18 703
39 351
2 411
31 628
33 347
41 639
25 753
13 586
44 253
10 498
12 238
4 258
11 631
40 21
18 186
48 620
41 379
33 515
12 666
24 136
25 705
12 579
41 160
38 74
20 757
16 665
19 330
2 468
4 65
11 555
38 434
39 777
38 790
13 349
49 49
29 98
21 31
6 631
38 664
8 37
34 773
49 780
40 53
20 627
10 124
49 573
9 206
16 642
49 437
1 325
27 557
11 790
37 90
3 570
18 546
46 447
46 68
12 422
19 641
33 22
42 787
15 261
20 680
39 109
