6 295
35 85
45 45
29 203
24 138
44 39
34 192
29 28
17 54
42 189
26 198
41 25
10 101
3 172
36 174
8 28
38 162
21 136
48 280
34 12
41 209
11 273
42 213
42 39
20 21
1 29
11 240
21 244
26 205
30 28
40 76
37 161
34 30
12 87
46 105
20 24
50 36
1 181
21 209
1 53
18 19
37 88
35 277
18 287
10 221
24 123
38 52
10 118
19 261
17 80
18 237
16 232
33 143
22 248
24 136
24 293
21 64
11 220
22 77
45 102
6 215
30 169
46 294
11 226
50 278
37 260
19 179
14 96
10 235
12 281
29 44
1 160
24 263
30 141
44 112
39 255
16 49
34 166
25 222
36 36
15 68
49 262
22 15
14 283
37 147
35 247
21 240
2 134
4 232
41 283
27 124
31 24
25 41
9 45
11 87
37 101
36 275
38 148
5 62
38 106
31 74
49 151
2 104
36 198
34 229
27 57
50 255
4 137
34 57
46 86
36 180
24 114
44 97
15 1
48 265
13 41
19 122
8 90
42 141
9 115
2 168
45 157
40 42
40 166
37 53
22 294
45 178
47 9
10 50
48 154
22 225
11 13
18 95
44 191
49 83
36 145
42 118
38 213
44 109
24 258
26 274
21 5
30 125
49 234
16 14
24 300
15 164
39 103
17 206
39 281
42 152
7 37
3 175
34 228
33 286
36 296
46 58
50 18
10 109
9 39
27 142
6 70
5 259
2 191
45 130
34 142
26 33
28 59
13 110
1 40
43 227
30 98
2 234
36 76
9 100
38 7
27 145
21 127
4 187
9 40
43 87
45 49
3 261
41 136
32 224
14 191
47 201
26 144
33 243
35 210
21 215
43 58
30 211
43 241
2 69
10 281
15 140
40 243
30 106
15 250
44 26
39 295
44 86
10 85
47 51
25 142
50 292
27 18
2 164
11 41
42 269
42 177
29 89
43 10
26 70
20 172
12 188
32 241
26 123
7 18
11 60
26 86
17 137
25 177
5 267
15 215
12 34
49 148
44 83
18 256
40 227
10 78
3 179
13 151
47 173
45 108
48 290
29 108
26 278
19 17
43 260
45 265
23 157
38 26
42 21
30 155
27 53
38 223
26 181
7 83
1 76
14 251
11 145
3 221
17 174
11 172
10 278
18 204
33 75
4 74
18 26
5 254
42 121
49 142
47 164
2 15
48 261
5 294
46 279
1 113
34 159
30 282
44 175
34 42
42 242
22 143
34 289
35 278
39 164
19 98
39 204
36 40
13 124
8 41
46 134
5 263
37 8
11 115
28 67
21 133
22 4
1 266
13 252
11 182
3 148
45 145
36 118
38 270
33 234
25 243
48 239
26 206
35 116
32 39
15 141
36 164
17 283
17 23
25 292
35 90
28 200
5 180
33 162
29 229
17 69
26 8
32 91
22 242
50 58
49 226
15 137
48 42
45 172
45 152
47 280
15 57
44 22
17 125
3 78
11 134
16 295
33 83
28 54
48 147
14 154
6 34
4 45
20 247
49 166
15 31
44 34
6 25
27 300
36 291
13 147
13 27
46 247
15 78
13 251
2 131
32 65
7 182
20 119
37 106
6 220
43 70
37 59
18 117
16 191
49 20
4 235
44 180
25 159
48 243
28 194
14 276
8 260
33 294
20 218
3 179
49 241
2 68
7 232
27 125
48 128
27 33
44 130
18 167
4 248
45 18
36 117
31 22
7 137
22 228
11 114
21 206
9 154
26 45
2 166
3 284
30 104
25 19
29 168
15 56
37 224
4 36
5 281
17 54
11 52
43 146
7 297
33 57
36 288
22 230
46 102
45 5
39 52
42 255
31 295
15 71
31 249
39 7
49 59
29 174
22 241
43 153
17 107
2 43
44 201
14 132
16 104
1 75
2 242
48 247
3 188
37 45
5 178
46 104
34 119
13 107
13 229
44 200
47 56
15 28
24 88
12 256
9 177
50 76
33 267
41 166
4 208
50 225
24 204
28 189
7 232
42 73
11 124
15 267
30 285
30 277
6 298
5 184
2 295
43 137
18 165
4 247
41 213
49 269
30 30
5 247
25 32
20 242
45 239
10 90
36 176
36 284
6 295
48 87
37 220
43 106
39 240
39 90
8 97
32 220
14 150
12 95
46 144
37 102
11 158
18 85
37 273
14 213
40 130
50 175
35 134
34 131
37 216
24 115
47 233
47 283
40 228
1 152
3 100
9 185
47 252
22 255
6 101
20 216
17 141
47 261
34 185
13 216
6 92
6 146
13 150
2 279
41 242
16 74
13 169
32 12
25 37
46 197
28 6
12 92
20 261
2 196
40 138
22 294
28 79
7 205
12 274
28 186
41 283
6 143
35 205
7 179
31 68
50 182
8 158
46 246
7 225
34 117
8 42
44 143
11 253
36 50
14 204
47 43
45 158
4 171
34 218
9 262
42 278
45 269
6 142
26 195
7 135
35 183
34 47
40 268
22 142
5 190
27 187
43 135
47 189
27 218
1 186
20 10
6 265
46 52
37 248
13 200
35 250
23 21
29 125
45 90
1 60
15 239
23 210
23 265
16 213
32 83
25 204
44 174
3 290
37 273
47 64
38 221
46 82
33 64
43 177
28 134
7 89
43 202
4 173
21 245
37 245
3 5
34 226
15 2
43 50
34 251
45 174
43 3
14 201
12 112
34 131
2 180
39 126
40 21
31 124
43 7
25 158
23 162
16 146
35 277
1 43
26 142
41 251
37 138
8 64
5 104
37 239
32 296
13 212
15 59
39 296
2 106
11 47
27 292
22 93
8 205
27 200
23 63
12 178
38 131
5 100
37 268
50 83
25 85
3 292
30 84
3 174
14 165
4 230
32 263
34 164
37 253
4 289
16 158
9 224
50 267
7 47
14 30
37 88
25 94
9 33
36 51
41 47
16 32
50 241
45 59
40 111
33 213
3 77
28 280
6 154
9 205
38 82
39 3
42 101
5 82
32 190
28 218
17 5
8 137
1 115
36 279
49 67
24 203
10 217
48 33
12 224
6 35
36 36
13 157
15 261
18 11
1 215
9 93
46 82
39 45
18 285
29 204
48 253
28 59
49 237
31 200
30 13
31 2
50 162
47 134
49 17
16 143
25 217
29 127
38 292
13 214
31 136
29 177
32 95
35 218
10 184
2 82
43 139
41 9
41 2
50 125
16 36
43 19
20 129
35 61
39 22
27 271
37 274
8 249
21 278
29 287
30 290
45 257
17 295
41 105
25 248
10 141
11 79
5 167
12 67
48 211
23 70
22 224
14 114
50 162
25 55
25 11
16 70
35 140
29 269
2 84
17 268
49 214
33 193
47 52
2 110
20 85
4 71
3 250
9 34
44 35
15 146
44 62
31 169
40 266
50 36
38 82
16 85
24 105
3 167
32 281
19 1
5 139
28 31
43 107
40 224
22 157
16 5
46 186
40 102
12 295
27 30
28 142
21 294
40 191
39 156
33 272
42 135
35 102
5 185
48 144
21 283
38 165
24 284
49 202
48 242
37 66
20 78
23 130
8 21
10 168
7 138
25 227
23 205
14 166
7 155
31 6
3 204
50 80
38 173
49 210
14 285
40 184
2 296
9 250
15 243
3 270
5 33
46 71
16 130
47 45
50 173
50 238
21 264
36 129
18 69
40 248
22 218
47 157
18 167
6 246
44 109
38 152
7 267
10 45
3 19
7 155
7 160
18 218
4 177
9 51
37 57
26 117
19 283
18 97
35 246
43 167
6 109
43 97
17 18
13 290
7 231
33 280
35 114
19 255
12 160
7 145
5 94
20 18
34 241
10 44
3 107
37 203
9 141
12 235
40 88
2 147
33 226
49 147
11 46
8 42
31 231
19 277
20 115
35 84
7 178
15 59
10 136
16 32
42 42
38 81
23 210
46 207
22 59
8 66
29 39
3 16
18 141
32 270
28 59
13 163
13 30
24 60
24 99
13 70
47 236
45 29
46 83
50 99
13 215
15 14
32 124
13 201
4 249
32 4
7 263
41 163
10 110
49 122
32 109
49 12
43 168
50 87
7 280
22 66
24 273
16 90
43 30
30 112
34 91
42 240
27 77
39 250
17 135
25 67
32 241
36 196
7 211
9 258
30 99
26 186
37 189
17 151
20 279
17 297
34 120
27 278
4 158
2 233
46 183
16 145
4 119
50 122
31 287
2 3
10 300
16 195
45 212
14 273
22 56
36 212
50 280
3 136
5 124
25 88
24 126
25 106
25 270
40 228
30 136
36 290
36 273
15 161
8 274
7 225
31 18
44 70
48 5
43 77
19 15
43 177
20 212
4 102
1 255
13 62
47 95
46 194
5 146
40 86
35 232
39 107
14 20
37 70
23 150
12 114
49 188
40 205
22 79
22 259
34 212
2 108
45 90
14 51
30 75
20 99
48 282
36 116
46 113
46 265
14 242
29 231
18 161
42 50
4 80
40 201
44 99
1 76
21 179
39 261
13 133
36 37
7 13
42 106
2 58
44 203
17 98
17 271
30 249
20 102
31 7
18 28
47 39
45 110
18 299
31 65
24 24
20 55
6 139
28 281
2 272
16 231
25 257
27 60
43 126
30 50
21 261
42 177
27 61
46 6
21 150
21 47
21 119
27 231
8 120
43 271
6 18
4 46
16 164
17 4
18 259
47 132
30 16
34 21
11 254
44 212
37 71
21 82
16 122
25 80
16 58
23 65
40 31
39 115
15 31
26 198
18 90
28 278
11 166
8 127
14 272
22 152
8 224
20 162
29 259
42 41
14 193
40 130
21 31
2 124
40 200
49 223
31 49
18 271
49 8
31 244
34 148
6 67
39 107
32 24
32 172
14 289
37 203
26 298
46 189
10 80
43 236
48 298
34 174
30 95
40 268
31 97
14 236
44 247
44 284
22 55
49 279
19 189
19 26
11 299
15 139
39 189
31 16
22 9
38 223
29 96
23 11
14 227
41 127
11 244
2 209
43 27
39 78
18 4
33 165
50 199
29 295
10 237
16 178
36 166
3 95
44 201
50 179
25 213
8 266
39 11
20 297
15 82
21 140
8 294
4 289
5 104
27 182
32 202
22 75
24 240
10 145
41 200
50 95
21 87
14 181
8 180
37 95
25 290
11 261
37 141
44 76
41 144
9 123
13 107
45 233
47 57
1 211
44 10
17 278
41 9
50 141
12 47
15 260
14 205
44 17
1 117
41 286
15 93
28 40
42 52
19 9
41 193
12 231
43 288
3 208
19 210
3 233
22 181
35 290
50 179
27 7
16 266
46 160
33 261
31 4
29 226
1 43
19 297
34 155
36 83
21 115
36 179
42 31
23 292
23 197
17 70
39 124
25 28
4 163
49 225
1 4
26 228
17 188
35 33
32 273
20 185
39 35
21 110
3 273
33 135
49 90
6 258
43 92
23 83
30 6
3 214
18 260
19 47
31 248
32 196
16 295
8 5
28 287
42 10
45 109
37 108
13 273
27 105
29 17
32 51
42 9
27 148
8 205
35 73
24 25
35 35
4 295
29 180
46 178
3 179
24 84
29 106
41 62
7 82
24 87
41 273
5 176
46 168
14 83
12 95
17 182
27 251
40 210
25 262
14 258
18 114
7 194
18 295
9 34
15 51
31 46
3 10
35 72
6 64
10 183
38 28
6 147
31 143
24 172
33 175
29 263
36 24
17 17
33 204
42 5
29 183
16 209
41 206
47 141
47 131
33 285
21 40
25 43
19 186
2 35
50 83
26 149
30 118
3 192
7 65
4 266
8 105
34 189
13 72
20 171
49 128
28 234
5 171
41 285
41 78
15 67
45 255
10 70
33 267
50 103
48 201
27 95
40 107
39 155
4 192
38 134
15 190
12 92
36 79
30 139
30 39
35 26
32 51
48 79
48 155
38 239
37 132
8 136
14 185
47 254
1 225
23 41
19 75
3 14
49 218
11 37
18 82
1 190
2 123
5 162
46 214
11 281
38 79
50 71
15 24
16 297
17 134
32 60
9 154
38 140
33 227
2 297
21 215
20 20
3 291
5 246
28 246
12 245
30 266
30 97
29 166
14 21
2 135
9 186
10 108
7 179
16 230
26 251
40 38
32 205
16 276
13 292
28 252
9 240
16 73
25 109
2 296
50 196
9 29
11 236
21 295
23 258
50 236
25 62
47 284
32 154
40 93
17 132
48 162
1 290
17 14
33 167
49 147
47 221
36 246
12 49
11 148
44 81
36 54
8 215
38 13
20 2
43 238
41 75
27 296
12 15
29 2
32 209
39 283
18 24
25 138
35 112
39 196
19 88
33 120
50 234
4 184
8 57
6 209
25 108
3 139
17 179
45 94
1 79
10 228
31 255
43 180
50 231
30 45
6 167
17 250
50 150
49 19
22 73
16 170
20 79
4 132
10 225
49 50
38 58
4 5
17 40
29 200
12 124
6 246
34 231
29 125
46 291
11 138
37 162
38 202
46 5
23 133
1 9
39 65
22 6
49 51
41 293
9 77
5 121
50 215
13 39
31 203
30 127
31 277
47 102
24 211
4 281
5 244
27 163
9 30
42 40
28 11
3 129
46 158
22 288
31 233
35 247
6 85
39 213
49 197
44 181
11 10
15 135
44 142
43 20
5 134
9 77
22 297
49 215
15 141
16 151
22 184
2 267
46 270
23 18
22 139
34 243
4 88
40 269
11 289
37 79
33 247
30 259
18 107
6 86
19 233
22 159
50 151
32 120
14 39
4 170
4 274
7 122
19 205
18 150
24 29
1 196
20 91
13 212
34 142
30 267
19 33
27 14
9 116
24 188
23 292
40 152
32 8
28 52
4 256
14 183
38 126
14 281
39 255
9 100
3 47
14 300
1 136
9 256
15 222
7 234
31 165
43 81
44 26
49 72
47 284
45 62
7 145
11 196
31 159
37 237
40 74
14 7
32 133
2 38
11 107
1 187
33 138
14 20
34 284
34 198
28 297
48 276
26 199
14 109
19 231
44 80
18 8
32 182
41 127
13 166
14 203
21 172
44 195
4 235
24 131
16 161
13 165
14 164
7 138
14 123
19 236
37 98
34 1
45 6
32 15
12 40
27 23
38 86
1 129
29 241
48 218
23 18
28 64
43 186
10 5
49 17
28 260
22 163
18 6
38 8
27 160
35 195
30 263
27 45
6 38
15 57
47 275
28 65
36 196
4 40
19 64
34 282
39 152
32 298
42 234
41 10
8 249
34 166
27 28
44 221
17 211
48 264
30 231
31 246
23 46
19 32
48 55
7 174
38 201
28 205
21 95
33 251
18 18
49 71
37 108
19 29
26 45
19 150
27 137
47 8
45 267
44 1
10 16
11 9
5 278
31 183
32 150
14 105
24 246
50 53
12 37
42 283
45 214
34 179
39 250
5 147
4 168
27 147
2 86
17 224
5 184
15 273
24 239
4 174
46 292
25 80
46 77
14 261
40 42
21 115
33 158
14 268
14 205
49 178
5 259
1 184
38 105
50 198
34 163
24 62
22 83
26 26
3 199
33 101
31 226
4 84
4 143
41 81
39 127
32 90
40 117
35 220
45 222
16 216
46 282
19 173
26 51
35 95
50 170
12 148
31 7
29 242
47 72
29 293
25 126
47 156
1 243
16 107
44 115
17 167
46 86
14 47
42 234
37 258
29 205
21 237
34 55
21 148
36 285
27 121
14 139
20 70
34 3
16 30
16 244
11 58
31 248
25 175
42 134
26 253
41 191
13 161
49 282
40 142
12 220
9 127
33 63
21 298
16 230
3 144
24 139
11 138
17 250
23 5
15 43
36 85
43 19
44 94
48 96
3 46
27 236
39 92
15 282
2 103
24 241
37 41
29 207
30 80
3 65
23 74
42 100
28 290
5 264
50 103
20 258
47 269
25 96
32 230
44 117
23 26
26 92
20 49
50 247
42 229
1 5
38 220
27 202
24 66
34 67
3 208
49 93
41 165
13 126
28 82
46 253
50 191
33 53
39 200
27 132
46 203
31 259
28 190
27 57
50 217
23 216
11 22
1 283
25 118
9 192
39 119
39 278
42 165
35 264
19 231
35 157
27 51
45 64
46 295
3 43
16 19
33 132
1 135
33 133
16 8
16 91
46 267
41 175
29 123
38 14
14 269
21 197
33 285
38 87
28 262
21 186
21 89
39 110
37 149
27 84
23 252
39 94
10 131
14 226
50 73
23 32
32 253
30 277
3 97
15 236
44 147
28 71
5 221
17 191
47 291
27 69
8 237
22 103
18 173
3 288
18 155
24 36
4 149
39 144
6 259
31 296
1 108
47 172
34 173
50 232
5 38
21 163
23 7
28 272
45 201
20 172
4 22
49 237
35 50
28 201
20 136
34 69
16 172
50 297
23 180
48 231
50 268
30 289
27 51
19 202
33 155
10 258
5 228
43 51
41 74
3 266
47 220
37 180
12 22
16 212
39 214
10 292
43 148
43 82
47 60
40 154
30 235
31 276
36 214
12 154
49 96
9 135
30 192
45 288
18 213
42 70
29 161
15 200
44 213
28 48
13 3
4 158
47 134
11 76
9 91
31 193
48 267
41 45
3 126
41 253
7 278
28 189
44 32
46 142
23 207
37 116
39 1
8 140
13 168
38 110
8 157
11 8
16 145
10 105
16 100
23 113
5 141
24 235
50 169
41 20
23 98
4 127
12 252
12 250
30 131
48 70
21 217
30 109
3 267
27 35
43 84
1 285
15 285
49 105
9 18
16 71
38 91
43 214
5 227
46 2
49 221
30 89
40 286
9 77
28 157
7 19
17 288
15 29
24 67
22 49
32 126
15 266
28 142
19 201
10 252
43 127
32 222
10 276
1 246
12 65
16 48
49 89
18 259
9 144
1 266
46 51
25 139
21 136
47 44
49 14
43 46
39 189
11 258
9 227
38 85
24 36
46 98
43 104
48 105
22 124
13 248
4 111
17 118
37 54
21 8
32 23
10 300
22 8
37 295
34 14
33 231
23 146
31 250
32 66
42 105
10 264
31 117
16 98
31 166
42 128
40 39
36 159
12 119
50 68
6 176
26 253
20 228
29 49
27 104
42 281
6 242
48 144
44 241
41 52
44 267
21 92
29 128
46 42
19 241
10 15
34 297
10 83
34 93
38 29
43 111
44 104
19 239
18 204
49 33
18 200
32 252
7 39
3 269
26 298
13 145
16 23
5 213
7 3
8 217
12 218
25 95
25 256
31 161
50 55
23 227
37 44
41 266
1 77
11 151
21 275
15 49
10 108
20 72
8 253
16 266
35 231
2 165
14 125
38 62
1 112
26 72
7 260
42 26
35 283
47 95
25 38
27 300
36 111
42 221
15 193
22 46
20 53
31 24
5 66
19 104
41 98
34 200
43 21
22 27
36 198
14 181
10 147
49 57
9 176
42 90
28 45
36 180
33 155
23 164
35 85
23 175
48 170
35 298
16 54
48 130
34 181
48 284
14 28
23 191
17 143
16 172
20 239
20 138
41 84
43 212
37 130
41 15
25 190
29 178
32 59
45 257
24 84
16 54
3 221
22 155
1 212
17 129
45 113
30 135
43 132
48 29
50 64
30 139
38 111
10 239
45 218
49 154
4 119
33 223
38 126
39 55
2 90
34 80
11 147
18 266
13 89
24 71
7 286
1 282
23 52
37 23
35 31
20 137
46 112
36 46
39 229
36 41
17 159
29 236
49 192
47 43
16 26
44 22
17 145
44 5
39 249
38 280
3 147
40 215
12 189
18 48
26 288
48 188
44 231
23 215
11 273
47 294
36 149
45 211
22 271
25 126
25 75
47 297
50 63
30 195
18 249
9 8
12 157
2 175
50 284
27 68
11 44
10 148
29 240
8 10
34 51
31 224
17 171
19 165
3 157
1 297
28 138
25 89
43 286
23 255
25 245
24 127
45 153
2 119
12 57
20 242
29 178
17 185
7 119
50 30
49 232
7 212
45 199
25 163
31 102
15 132
31 132
6 144
5 167
32 112
8 270
15 165
29 282
40 38
1 253
49 135
45 49
21 232
46 131
10 138
45 12
10 135
34 61
26 21
14 90
6 60
33 163
46 24
20 60
5 191
26 76
31 9
7 294
32 283
34 94
22 300
4 217
16 262
4 73
28 134
6 193
46 151
39 61
44 271
31 61
37 101
14 191
7 198
35 246
29 26
26 247
47 3
25 256
49 187
43 147
10 23
30 249
15 170
10 112
9 117
5 51
15 79
5 90
22 201
41 122
2 201
10 160
28 226
10 57
37 272
5 104
19 87
27 224
32 168
17 232
36 219
18 154
41 132
13 223
41 115
38 150
36 246
35 300
4 65
20 279
21 182
25 194
21 234
29 41
16 206
35 39
17 218
48 3
22 256
26 95
19 59
30 192
24 82
34 47
28 160
20 62
10 232
9 279
40 197
38 17
9 4
43 143
9 182
5 73
30 54
47 133
8 248
38 229
37 162
45 168
1 152
14 284
39 9
38 153
46 258
16 255
15 35
13 191
4 268
15 208
4 276
50 195
12 208
28 297
16 36
33 89
48 242
6 300
24 225
3 52
39 140
39 164
14 224
22 40
28 261
24 55
31 271
11 119
3 69
25 49
41 284
47 23
26 295
14 269
37 131
46 51
27 222
37 212
36 112
24 261
40 129
42 250
39 118
14 226
14 93
42 281
16 217
19 50
30 113
39 101
10 177
12 68
17 139
28 183
1 73
43 174
13 120
29 174
43 91
12 187
32 180
31 225
20 281
17 113
46 10
2 186
38 39
14 23
4 140
24 157
28 215
8 92
4 235
23 229
6 245
33 149
3 16
45 229
2 167
5 21
45 48
40 176
44 55
50 155
5 156
11 12
1 138
44 234
10 298
10 261
37 157
9 107
40 295
36 48
1 228
17 13
49 68
38 221
21 268
43 227
19 69
23 240
13 145
38 54
50 214
20 297
29 84
33 190
23 226
25 257
48 61
30 40
12 237
27 286
8 272
2 250
42 102
23 99
21 163
33 122
12 15
18 130
19 178
44 29
27 14
38 5
32 270
6 272
19 263
21 62
30 152
12 133
34 296
38 54
40 295
27 269
7 246
49 48
41 260
30 36
24 169
2 164
46 115
3 281
20 137
48 183
26 221
27 187
1 84
11 99
1 132
25 128
42 9
47 60
27 70
46 159
31 121
43 254
2 201
43 278
12 132
41 118
8 140
37 182
11 150
4 255
16 145
18 260
7 105
46 279
9 213
31 219
16 124
41 171
34 7
34 276
41 42
4 208
49 270
29 174
35 238
20 13
7 93
20 276
23 21
45 107
17 257
27 53
21 30
3 257
30 39
36 146
39 232
36 42
5 93
47 283
2 241
49 43
8 281
47 207
2 161
30 86
14 18
40 149
40 281
25 133
34 252
40 79
38 287
3 201
44 144
7 25
44 143
8 251
36 150
12 171
11 210
31 108
21 255
46 67
33 173
30 243
18 12
34 24
34 51
32 124
40 1
40 67
16 57
41 199
18 287
34 52
2 165
36 261
32 183
19 238
20 136
37 121
40 74
32 44
28 157
8 142
38 225
28 184
14 143
31 69
23 181
31 30
34 240
22 5
38 144
10 240
21 58
41 39
17 190
13 28
18 286
21 105
5 271
48 11
8 87
20 269
1 284
24 20
35 139
32 232
40 41
21 197
14 14
4 40
7 204
4 64
47 247
46 239
38 158
9 207
15 160
50 16
49 48
12 106
2 280
37 30
39 59
9 164
44 9
41 92
38 238
39 221
29 246
38 293
14 74
27 90
24 187
34 45
47 233
24 104
9 288
41 89
46 251
2 153
11 284
7 42
45 280
4 122
4 287
23 257
39 105
26 249
22 74
9 8
32 164
14 156
43 97
25 34
33 122
17 4
40 169
34 142
48 83
3 21
1 174
15 37
7 216
16 188
6 101
4 290
42 219
4 279
34 230
1 198
2 18
36 157
18 210
11 162
13 247
27 63
31 298
23 23
27 93
40 238
4 38
7 13
3 176
26 61
8 257
21 164
35 15
28 71
42 17
6 46
28 280
31 169
19 155
32 161
40 13
3 30
50 75
26 76
19 79
11 262
49 147
33 204
29 263
25 101
15 63
41 239
4 39
42 208
2 20
37 198
25 210
43 82
43 129
12 263
48 265
8 126
50 73
5 243
44 254
9 289
46 23
2 299
11 130
43 23
44 71
32 119
20 161
16 53
29 286
42 84
19 260
6 123
17 126
32 231
19 182
15 134
42 166
45 250
49 251
5 153
32 276
25 264
5 94
26 251
15 157
38 215
39 157
34 183
32 155
29 200
10 177
47 54
31 162
32 22
6 260
3 193
31 244
40 204
29 159
30 25
35 233
1 39
47 208
24 223
22 166
28 289
2 132
1 190
22 69
32 189
39 246
7 123
38 108
1 66
3 124
14 135
4 154
34 3
37 256
20 250
17 177
35 109
16 171
40 264
49 294
34 300
42 25
2 95
30 46
42 113
19 33
24 237
33 174
40 220
47 174
17 104
28 93
49 41
5 179
48 149
1 19
33 186
29 173
36 223
48 241
12 174
35 294
22 121
50 100
14 182
12 284
1 278
16 31
50 222
5 39
12 130
45 59
34 162
19 47
3 36
31 12
23 140
22 242
42 29
26 146
33 148
4 144
10 224
8 197
40 271
10 235
3 90
36 213
4 108
16 28
29 151
42 2
11 81
21 208
12 169
2 9
40 72
25 186
15 86
36 246
17 285
6 276
37 111
26 274
19 113
22 155
3 265
34 172
16 58
2 204
5 222
4 57
8 68
25 34
40 76
48 251
9 50
3 103
9 258
1 202
29 141
49 9
14 64
43 18
36 148
8 103
41 300
11 225
5 293
27 193
1 126
8 118
21 61
44 183
37 69
50 3
26 236
36 125
44 96
11 34
3 109
17 235
24 136
13 264
27 155
47 97
15 197
14 108
16 258
9 122
48 89
27 248
46 76
42 189
14 54
25 127
16 87
28 279
37 80
29 256
18 6
6 299
29 278
45 155
17 218
19 215
39 126
42 111
1 105
49 233
24 157
21 46
10 230
12 139
44 33
6 245
7 69
31 179
6 186
35 81
28 252
30 21
3 210
45 158
44 22
1 219
39 176
2 233
47 57
32 141
18 231
35 77
35 172
25 265
1 65
28 190
14 243
5 149
3 216
22 113
2 166
37 184
31 280
23 40
8 29
15 210
24 50
12 179
29 40
2 205
9 189
8 172
41 219
10 176
33 33
26 163
37 133
20 156
38 82
48 172
22 121
21 69
30 229
45 236
1 131
13 207
38 267
47 78
2 186
17 245
27 54
18 80
16 284
46 115
4 236
14 114
44 74
29 193
17 189
17 266
10 263
50 166
26 122
3 209
44 50
47 124
33 176
19 287
22 41
25 276
31 46
2 189
25 25
40 198
31 229
11 137
34 213
4 159
10 77
50 223
30 70
28 160
22 282
20 2
5 47
46 212
21 142
