26 40
45 31
9 56
25 87
45 90
30 51
27 40
41 25
28 55
22 23
41 39
7 21
5 22
29 54
29 84
20 69
7 5
40 8
6 2
26 78
43 31
42 64
40 2
15 80
34 57
27 84
44 60
14 18
9 12
7 10
48 21
42 49
13 21
33 8
7 25
43 43
13 6
17 94
47 93
27 10
16 92
23 83
48 53
32 33
44 82
13 86
46 11
29 10
32 96
3 71
42 46
32 30
18 71
44 7
9 14
35 10
21 84
33 100
47 48
20 58
15 64
42 72
14 82
46 31
14 28
22 54
15 67
12 5
50 8
6 47
30 34
25 7
7 100
50 86
2 3
28 96
10 43
23 55
35 98
38 74
46 69
18 65
29 23
12 30
35 48
6 83
45 40
11 12
27 98
47 33
36 53
2 73
25 99
15 27
42 66
15 26
36 35
49 78
18 40
30 3
34 89
6 21
37 67
36 4
5 88
19 7
21 48
47 3
34 64
14 84
23 95
49 22
2 24
43 47
8 4
48 2
39 82
48 12
11 80
14 3
27 83
42 64
22 35
30 30
29 5
1 46
22 32
49 32
18 13
41 77
47 32
6 97
35 60
13 8
23 21
9 14
29 25
41 74
11 50
1 79
3 28
13 76
29 51
49 36
37 98
1 31
16 48
14 16
15 48
40 91
16 95
32 83
2 85
34 49
18 69
3 92
48 21
48 59
10 14
7 90
15 31
21 21
26 7
36 67
6 21
19 16
43 83
20 1
25 87
15 76
7 9
24 25
18 14
30 87
17 39
1 33
37 49
48 24
30 66
42 46
29 67
41 9
25 90
24 50
2 58
40 79
32 17
40 55
20 74
32 81
25 76
2 15
34 51
48 23
1 59
32 27
22 16
3 17
30 40
3 92
20 59
25 48
19 48
6 13
5 17
36 1
50 77
25 86
49 32
10 25
2 56
49 37
15 86
6 76
3 9
13 5
41 61
48 89
45 84
7 94
24 26
26 99
45 26
6 44
30 44
27 41
7 99
34 6
48 68
15 69
34 8
44 8
35 56
12 29
13 55
18 70
25 13
14 51
13 2
26 42
25 22
36 68
49 82
32 3
29 93
45 57
39 94
38 100
31 26
46 9
17 4
43 37
24 42
33 38
44 50
35 46
26 37
31 27
16 31
29 78
29 25
6 100
34 60
11 74
14 62
12 80
26 17
26 9
46 53
4 29
32 83
49 33
8 76
47 72
43 55
49 75
13 16
23 70
29 68
17 11
36 95
21 63
1 87
10 29
26 12
23 38
1 44
5 100
12 28
26 91
28 11
33 87
30 99
50 42
41 52
25 22
22 20
28 79
12 55
15 79
31 50
31 92
19 10
5 51
5 56
44 75
21 9
10 82
45 85
39 98
44 24
25 58
2 43
36 55
46 52
28 47
3 7
6 52
40 83
2 5
38 81
38 43
38 29
23 70
22 7
12 98
25 13
34 97
9 5
19 65
23 60
35 36
31 88
2 79
50 57
12 98
47 36
41 94
13 55
11 67
6 94
20 25
46 49
47 15
34 7
16 89
18 97
18 31
40 64
12 81
26 56
42 7
18 35
19 9
32 67
13 67
24 73
38 85
24 27
47 65
14 96
42 43
50 21
17 70
39 14
47 91
18 14
50 31
34 45
30 33
20 85
3 31
21 67
1 22
46 64
39 87
1 95
16 43
3 55
47 1
11 76
30 75
21 57
38 65
15 12
50 70
20 27
27 50
12 55
1 58
15 51
4 91
15 86
31 29
13 51
46 92
4 69
31 80
10 61
28 75
3 29
30 4
14 86
38 92
7 48
27 7
21 26
2 58
9 84
46 60
34 77
14 11
25 21
32 28
42 61
34 6
41 100
20 94
7 78
7 45
13 8
40 31
3 52
6 59
49 55
22 48
21 20
21 21
13 78
2 89
33 32
36 8
31 72
36 25
44 92
9 100
49 61
29 1
43 74
27 36
20 42
25 30
45 5
47 7
33 82
36 48
12 61
30 78
8 58
42 62
8 45
19 93
28 57
5 60
32 32
17 19
35 15
2 15
45 4
21 7
39 34
33 32
38 6
16 4
35 84
6 68
2 3
47 14
50 77
39 88
31 43
18 31
8 89
8 63
45 62
10 62
2 31
11 97
44 82
14 16
9 63
10 70
21 19
48 9
1 40
4 9
34 12
34 29
14 15
26 10
29 73
11 73
1 42
42 13
3 20
13 21
1 63
41 9
37 24
6 75
2 74
17 88
1 63
50 14
38 19
21 9
41 15
4 66
6 69
45 65
8 52
39 98
5 50
23 28
7 20
20 17
10 53
20 78
44 52
11 31
15 98
27 47
1 87
28 1
24 82
5 66
33 1
18 35
33 38
41 26
9 16
18 76
33 18
3 37
18 84
44 40
17 44
46 34
34 20
17 45
35 64
12 90
39 6
45 37
33 11
40 46
20 68
38 16
46 66
41 34
9 14
15 32
16 40
37 11
5 32
33 17
21 89
11 70
10 84
44 40
32 17
18 28
8 99
44 26
49 36
38 77
5 85
22 12
44 81
18 69
9 72
21 69
26 18
49 52
4 90
32 14
9 83
31 26
11 67
32 38
15 10
46 43
16 70
49 80
13 89
4 28
42 90
19 37
15 66
46 25
19 59
49 21
36 85
33 62
2 76
44 13
43 71
23 67
31 53
14 13
30 62
43 11
20 23
50 85
27 18
27 9
2 65
42 4
46 95
24 45
34 55
20 89
10 21
18 3
15 29
28 8
41 6
12 50
21 51
22 6
22 36
5 89
24 70
47 75
21 98
34 32
42 71
16 93
35 100
30 48
36 34
16 5
13 92
16 1
50 34
45 90
39 25
31 75
23 25
4 66
14 64
37 84
14 75
9 52
20 81
18 43
37 14
44 72
38 100
31 40
29 50
13 70
39 52
32 93
19 73
49 82
15 52
47 61
49 74
43 89
34 99
14 98
44 63
46 68
14 31
12 12
2 97
2 8
6 83
28 61
24 94
46 56
4 18
27 3
24 94
7 40
29 83
49 29
28 43
8 13
29 69
19 17
14 87
20 30
27 79
16 56
24 100
5 21
14 54
22 19
10 56
24 24
17 96
15 79
27 49
19 77
32 2
43 6
31 20
42 23
7 75
2 98
6 94
7 82
14 73
46 70
16 54
26 22
14 55
23 100
20 6
27 72
4 10
38 97
37 63
19 14
47 23
30 81
50 6
29 4
18 92
18 35
6 19
1 9
41 68
46 45
14 72
27 71
44 88
29 84
1 94
1 26
48 11
24 21
2 28
18 6
23 51
9 28
46 48
50 44
27 57
33 53
16 37
42 76
43 33
48 66
43 40
42 8
31 25
8 71
35 52
19 63
43 95
37 80
42 34
11 10
5 43
28 93
4 24
8 18
34 28
46 15
21 3
23 39
11 18
28 98
49 62
47 69
45 93
37 47
42 42
22 46
9 7
8 15
29 99
45 63
9 18
6 69
2 54
17 71
49 29
35 33
40 50
43 26
24 75
9 43
44 76
17 80
38 67
20 65
43 100
46 57
26 20
15 4
20 22
38 62
26 98
43 85
16 55
9 68
12 99
43 79
12 69
23 45
37 57
46 72
45 76
1 57
14 14
31 61
6 4
22 62
17 5
15 15
17 1
26 99
34 92
13 84
45 42
16 23
43 92
46 5
9 34
39 47
22 1
27 25
23 11
6 3
31 75
6 44
39 19
24 69
39 17
4 1
50 80
6 82
43 27
13 99
4 28
12 59
8 36
27 12
36 88
27 22
14 59
20 79
27 81
17 7
26 53
22 88
48 91
24 37
21 12
15 63
15 63
5 30
12 77
43 56
33 22
19 50
47 17
49 5
23 6
16 59
22 95
6 16
39 42
7 48
6 82
8 9
30 65
34 75
40 5
45 73
31 34
4 66
44 63
7 23
10 83
10 82
43 23
20 63
47 90
3 58
47 97
42 4
46 65
4 51
19 59
8 38
2 91
49 76
39 83
2 85
34 62
13 24
21 73
34 90
25 8
44 51
36 18
41 3
14 75
3 11
16 39
9 39
10 78
15 22
27 62
21 33
33 80
39 63
28 64
32 3
19 31
3 45
2 92
7 36
4 3
10 2
42 13
21 96
18 60
9 17
21 50
2 2
40 83
14 45
22 67
50 29
30 90
38 12
48 4
4 77
47 31
3 93
46 96
6 97
17 40
15 96
17 70
28 5
35 12
30 46
23 9
33 16
46 55
48 83
38 89
15 28
2 40
45 74
10 72
11 90
22 98
41 47
11 88
1 48
43 1
17 98
35 50
50 15
36 59
22 74
6 11
1 55
18 21
5 45
49 28
19 97
41 18
14 20
8 34
12 17
46 57
18 40
50 87
16 38
2 1
20 28
6 23
9 68
22 21
47 73
23 79
25 100
31 69
18 33
8 90
7 18
4 42
46 90
1 46
28 59
9 1
27 82
1 25
11 83
11 6
18 44
