31 62
7 148
36 117
8 34
23 181
24 16
26 66
30 133
42 71
12 28
24 66
6 193
6 41
32 148
50 158
49 72
31 31
32 160
12 115
5 80
43 100
50 21
22 86
5 26
4 75
30 152
14 156
1 173
27 133
22 192
28 60
16 111
16 27
13 188
42 104
14 169
42 67
48 24
39 105
2 139
13 106
46 152
2 153
4 138
9 200
6 192
20 67
46 56
50 121
31 105
47 82
41 106
45 175
37 167
2 70
39 12
1 14
7 133
5 124
41 166
30 199
18 167
6 99
39 166
4 42
45 120
22 37
33 64
14 22
49 184
27 109
9 40
12 28
10 44
24 164
47 74
24 17
27 189
12 141
28 38
13 92
12 182
26 18
34 56
23 80
7 62
43 7
35 22
21 123
33 73
22 59
10 59
43 87
45 112
43 128
30 75
38 54
44 183
9 23
49 171
16 119
14 155
25 99
28 76
46 72
17 8
29 164
22 54
49 185
22 118
27 101
21 185
24 119
16 51
29 27
23 41
36 168
32 196
11 53
44 7
13 106
15 154
32 140
18 86
1 186
31 173
24 50
48 110
46 123
34 165
45 179
4 122
6 30
12 58
9 67
13 27
48 154
2 39
39 30
30 159
1 136
6 161
49 195
35 101
8 61
14 32
50 114
15 175
50 67
42 79
6 189
35 181
27 112
11 196
38 158
25 161
7 131
8 180
22 12
14 64
21 22
28 176
34 119
27 24
25 49
31 105
7 49
50 62
1 95
38 89
8 72
20 61
46 33
8 35
17 46
7 153
32 102
3 83
47 76
8 143
14 119
33 31
25 120
34 91
3 11
14 187
23 9
40 91
46 39
12 82
37 112
19 30
43 136
26 118
19 104
1 106
24 52
6 8
31 135
1 123
36 78
33 87
26 145
9 149
8 123
33 24
14 4
9 32
44 140
47 73
26 130
14 23
12 38
25 190
30 88
18 111
48 172
18 103
43 90
25 116
40 9
16 76
18 165
43 11
25 49
43 98
2 54
35 10
21 6
47 28
34 31
36 194
46 7
31 198
6 145
45 104
28 25
36 121
26 178
4 119
7 186
12 14
4 25
7 65
26 181
21 27
22 75
2 14
41 29
8 131
6 34
21 47
50 2
46 17
27 191
17 47
11 39
24 149
11 179
46 78
48 157
45 116
16 91
22 58
2 15
3 139
34 76
16 69
9 33
44 34
41 41
24 41
9 95
6 181
24 174
15 101
12 96
3 50
30 171
10 185
40 61
47 158
30 187
45 21
9 115
17 80
24 135
50 29
10 127
43 166
11 195
36 30
9 141
40 150
23 59
21 126
10 38
33 58
39 66
24 76
44 126
47 68
21 200
46 58
46 84
27 125
30 65
47 27
12 194
4 179
27 2
29 175
12 121
45 125
31 47
20 86
28 97
4 136
16 15
12 144
13 160
22 42
34 189
31 148
11 66
11 26
26 9
44 180
44 135
11 13
38 18
38 193
46 191
23 29
44 152
24 157
28 165
36 178
33 121
45 96
34 9
44 82
49 113
49 137
41 101
4 6
44 66
12 190
43 189
48 37
26 181
17 157
2 120
4 77
24 154
46 53
45 4
15 150
8 194
23 60
50 186
46 55
3 52
43 78
7 43
29 88
38 73
10 118
22 198
20 185
23 42
23 59
4 84
39 38
36 66
34 75
34 150
5 75
18 134
39 9
12 62
2 107
49 48
27 44
3 58
15 97
10 110
3 59
11 118
2 46
50 103
6 147
45 72
36 72
18 93
35 64
40 147
40 94
1 25
15 75
37 83
3 100
43 138
19 144
44 166
43 55
35 143
14 19
14 35
6 186
50 68
10 185
16 40
50 194
24 143
50 180
1 91
50 195
5 200
22 6
34 47
40 96
5 35
10 141
36 3
10 10
31 96
25 114
28 145
29 54
49 159
12 164
31 21
19 74
43 4
49 188
35 44
2 80
24 61
8 141
30 120
26 118
13 44
9 182
3 71
12 152
41 166
39 110
7 162
24 119
10 97
12 146
14 46
11 71
6 169
13 25
30 83
25 61
26 156
39 23
45 41
2 93
33 90
36 141
32 124
34 23
32 120
36 121
45 72
35 31
47 113
6 91
6 200
2 40
17 160
11 154
12 21
46 78
15 41
19 155
39 107
3 126
41 9
6 148
10 57
43 50
25 97
22 151
17 174
32 154
38 155
49 174
20 83
30 94
16 138
24 184
24 137
46 126
21 163
23 70
42 33
23 107
10 86
47 83
44 120
46 166
24 66
15 128
18 4
50 1
44 102
8 44
6 72
32 100
5 169
23 188
49 107
17 59
9 59
23 2
19 68
31 108
41 51
25 79
3 26
24 117
7 105
38 59
48 111
40 85
40 178
24 165
5 95
19 101
39 32
7 26
5 194
11 138
48 109
26 109
42 33
23 6
23 118
25 118
33 71
38 179
20 140
12 70
23 152
50 150
10 21
44 81
26 115
28 73
21 160
45 79
6 174
25 44
36 183
16 133
4 125
47 128
21 7
13 116
14 190
4 73
26 75
30 3
20 137
41 167
10 85
31 130
24 128
17 66
36 101
23 58
16 149
33 140
23 102
2 111
6 4
47 125
42 80
17 79
48 109
8 32
9 174
36 117
18 125
14 92
1 56
50 97
10 150
26 48
26 141
31 138
29 199
9 58
17 128
25 28
45 25
10 127
41 120
19 102
24 16
22 195
49 168
14 154
18 101
11 120
50 187
42 79
31 182
44 60
50 38
15 12
20 163
24 173
35 26
16 72
47 181
11 53
26 182
18 134
23 189
4 192
5 136
1 173
27 28
45 135
5 193
33 42
16 181
29 30
26 21
46 119
25 136
39 83
44 70
48 183
25 63
22 158
13 29
8 121
6 169
49 169
23 8
22 96
44 85
47 171
16 155
9 100
25 122
43 198
2 56
26 60
34 58
23 179
12 174
6 65
30 73
4 60
19 57
11 111
39 175
40 162
1 146
26 190
47 103
32 180
12 109
23 31
9 153
33 88
13 176
44 130
14 15
37 124
32 192
9 193
1 151
22 19
5 155
47 78
40 66
25 71
47 34
46 100
20 38
42 67
44 94
2 75
3 56
41 163
22 64
9 55
7 57
36 125
10 147
1 146
35 113
6 69
49 25
20 116
7 133
46 148
33 156
14 94
37 105
23 165
24 130
7 149
37 156
6 179
23 104
6 15
40 195
2 47
41 164
45 121
37 176
4 140
1 112
6 196
8 116
9 20
30 83
23 68
19 122
29 156
42 182
4 48
29 144
18 92
48 3
30 73
18 62
32 187
49 117
10 65
17 76
28 128
33 118
49 178
44 82
46 153
18 128
45 97
27 147
29 83
26 133
22 191
44 22
36 70
35 123
14 160
45 74
12 80
29 73
12 145
23 54
45 60
6 33
31 165
16 110
33 116
10 121
5 150
44 49
43 38
33 131
45 152
31 200
8 165
7 18
16 107
12 164
34 56
28 112
43 29
45 30
49 121
33 177
12 198
37 80
49 168
15 67
45 73
2 150
40 179
40 143
24 63
7 153
15 95
28 118
34 73
26 3
35 133
46 109
5 69
31 157
45 70
41 116
14 100
38 174
4 4
8 160
21 114
31 75
49 160
41 136
50 123
13 94
29 77
37 17
27 90
16 104
50 70
31 99
44 42
26 68
42 151
1 49
37 94
25 21
49 93
17 155
24 66
20 141
26 86
37 127
10 129
8 176
35 93
17 80
33 40
1 99
17 164
6 164
46 11
17 127
35 136
6 61
48 105
13 28
16 19
34 18
10 175
7 91
24 135
38 93
4 110
2 27
2 32
34 134
6 110
13 195
17 167
17 128
50 189
47 11
27 155
37 155
45 99
7 184
6 180
4 29
16 200
34 110
14 62
7 105
39 26
44 88
22 152
43 193
14 53
22 48
15 63
45 47
12 141
35 161
20 172
21 157
39 110
25 52
45 182
17 102
38 38
11 33
30 163
43 12
15 111
42 195
44 95
13 200
20 195
19 163
41 80
22 110
50 66
16 182
30 178
10 29
33 56
13 63
38 90
2 57
8 5
41 4
18 169
12 15
7 1
26 71
48 163
37 121
34 89
24 131
26 140
18 198
13 34
14 126
3 173
13 154
44 178
2 32
23 131
9 52
13 61
27 58
37 16
46 194
29 138
7 174
32 86
10 166
48 141
39 181
15 58
1 188
1 67
16 144
6 14
3 175
19 10
29 84
27 200
4 122
4 32
37 129
28 45
50 155
19 137
42 112
40 42
17 192
7 5
28 156
6 45
42 188
27 125
34 112
4 195
40 135
4 41
44 177
40 110
7 156
11 41
42 111
44 82
4 96
16 17
2 44
16 168
42 149
13 103
19 65
44 33
7 137
47 12
24 108
12 124
33 128
6 111
7 175
43 55
15 72
26 97
1 95
34 135
12 45
41 103
38 133
13 171
3 106
46 24
35 140
35 10
38 124
44 167
26 135
11 60
47 106
15 112
36 147
3 188
44 165
32 39
29 64
5 169
10 187
14 194
42 50
36 112
34 180
34 148
42 179
1 30
45 190
47 160
24 195
23 10
47 105
46 23
37 99
26 78
28 80
48 104
50 146
21 157
31 34
45 119
31 115
49 26
35 72
41 160
14 120
16 137
38 23
26 86
45 57
1 141
9 179
14 65
15 172
40 108
29 32
26 94
30 158
21 178
32 165
13 63
33 47
13 132
9 70
8 159
41 30
6 192
8 86
13 18
44 147
40 8
30 50
7 187
5 69
18 4
38 127
24 88
24 20
25 116
6 46
26 155
12 72
38 44
20 178
8 35
17 104
11 143
8 170
5 133
15 22
16 178
7 174
12 4
45 8
18 139
43 25
42 97
5 135
4 2
37 25
11 174
17 176
44 94
12 77
34 180
45 132
2 162
36 103
8 159
4 54
33 18
38 199
39 148
8 46
19 83
19 125
27 102
12 167
2 152
43 166
6 190
44 199
4 120
18 167
25 126
7 190
17 16
34 82
28 39
14 136
46 198
40 112
16 81
48 144
41 131
13 159
24 106
10 27
14 177
42 117
44 30
32 28
24 18
26 175
43 50
10 48
23 141
21 32
41 195
43 179
34 134
42 112
46 157
1 69
49 117
27 1
4 198
32 103
31 106
30 41
32 136
31 133
9 34
26 29
22 18
49 172
28 2
40 157
2 175
6 103
18 41
15 196
3 177
49 7
12 131
37 145
23 160
8 186
11 182
10 75
26 155
12 64
43 1
43 27
26 74
39 143
21 150
13 144
33 72
39 106
36 161
32 42
43 18
47 20
26 61
9 134
17 176
28 197
22 193
32 32
33 86
14 22
38 152
25 29
39 190
39 18
16 106
41 45
1 112
42 121
24 144
15 102
48 190
32 90
45 53
8 126
22 134
8 63
43 126
49 67
50 39
33 34
45 33
26 142
22 77
3 25
29 147
45 95
22 43
37 176
49 10
21 31
10 121
26 82
13 2
24 171
20 97
18 186
17 176
42 21
31 152
43 177
24 197
7 12
14 26
30 34
4 132
29 146
25 185
13 5
26 159
17 54
37 16
49 183
37 104
32 164
6 13
10 1
24 53
34 33
25 50
36 44
4 164
2 147
27 42
15 193
42 82
1 61
32 182
27 55
15 142
25 23
48 123
21 3
48 61
16 22
34 142
6 153
26 34
21 2
7 7
14 197
8 119
34 121
1 75
27 163
50 192
39 106
14 27
9 91
9 104
13 37
37 38
16 172
34 130
40 149
42 66
49 194
23 73
46 147
21 12
29 67
31 174
14 24
7 30
39 171
5 32
13 93
19 16
6 141
48 22
11 58
44 157
22 37
39 58
21 92
29 47
26 34
10 87
19 152
42 111
11 171
32 66
40 39
19 18
5 121
38 111
20 48
21 88
32 42
45 20
37 57
25 121
50 99
35 83
44 133
16 18
34 27
22 160
39 109
7 128
14 194
37 59
30 29
12 96
4 169
47 188
27 93
12 26
5 12
25 161
15 174
4 15
32 141
13 35
31 167
47 102
45 178
37 11
34 148
39 31
50 147
17 77
12 112
29 59
11 84
4 25
30 62
12 18
10 200
49 16
8 174
24 196
22 173
8 59
48 44
29 170
18 3
14 14
37 200
9 44
8 106
31 24
50 119
14 179
13 130
29 93
40 96
37 38
7 61
48 43
1 157
7 129
49 112
9 189
18 158
16 15
25 171
5 29
17 25
35 106
27 159
10 119
10 119
14 6
33 164
21 57
50 120
33 31
32 11
31 165
50 139
5 56
2 3
30 43
11 145
23 1
7 117
18 115
38 136
14 142
7 82
31 2
32 108
26 95
36 194
22 189
23 61
13 184
43 32
14 57
14 120
29 88
47 196
9 76
14 102
11 56
50 103
30 130
41 73
29 82
17 131
40 118
3 82
43 133
21 112
6 52
42 24
14 14
38 8
49 157
3 55
44 57
7 8
46 51
40 18
1 132
38 147
27 80
1 111
41 30
26 191
1 65
17 35
50 64
20 101
3 51
46 110
41 8
18 120
27 23
21 149
37 102
49 60
49 8
7 78
19 31
30 108
24 180
39 190
33 184
14 185
45 27
41 22
33 157
6 79
12 157
20 3
24 145
14 140
35 190
30 24
28 46
39 194
6 65
39 95
2 61
21 51
7 50
19 98
40 128
26 51
19 197
29 46
20 194
1 78
35 52
5 128
25 30
17 64
38 49
34 107
38 170
19 124
12 5
14 68
49 87
25 39
43 107
34 96
24 183
11 113
19 74
34 74
37 43
16 38
13 98
20 76
48 133
32 125
49 196
4 22
24 53
4 138
14 149
24 52
47 58
15 75
35 80
7 102
8 111
40 77
33 119
13 36
31 98
14 87
22 30
10 143
39 143
12 111
2 149
45 148
15 19
35 64
18 118
9 20
12 72
4 178
7 27
15 119
11 196
12 32
35 157
34 156
43 1
4 152
6 161
1 191
21 5
38 160
48 142
45 198
16 143
20 165
8 76
17 97
25 121
38 10
39 68
29 124
38 28
38 102
17 132
23 100
49 199
5 175
13 195
47 81
13 96
5 10
21 60
5 81
10 6
24 189
19 117
30 151
45 65
24 8
34 40
37 94
35 68
25 24
36 159
26 21
39 47
46 1
30 59
16 169
48 50
43 105
15 195
10 14
15 16
38 123
31 35
3 172
50 119
38 145
9 23
9 153
33 24
21 43
42 68
31 165
13 21
37 5
2 55
23 15
26 148
44 26
31 84
10 53
40 41
3 93
12 116
26 158
13 129
43 42
32 117
3 67
13 100
29 75
43 167
6 75
35 28
39 64
50 76
1 7
17 164
47 127
13 13
41 187
45 132
36 34
40 133
6 13
14 159
17 154
32 30
33 47
24 34
44 159
37 101
11 126
20 169
25 138
44 186
38 12
6 54
4 83
16 61
1 146
20 136
45 138
1 36
6 111
46 7
20 172
36 134
46 58
17 152
14 51
8 84
43 87
49 97
8 123
27 19
31 186
30 102
13 14
12 54
13 24
16 52
11 183
38 104
40 105
19 15
7 102
30 99
15 116
43 169
30 47
14 86
21 15
34 44
17 107
44 18
41 142
14 89
22 156
43 89
6 154
13 33
43 24
31 43
2 129
16 64
18 54
17 176
18 161
41 131
40 120
13 105
36 99
50 165
46 44
50 175
18 63
39 59
44 86
9 94
31 115
45 184
41 182
28 73
44 68
24 27
45 104
20 153
30 138
41 38
35 63
20 155
8 116
47 183
1 62
44 23
15 178
27 48
24 128
46 55
18 88
15 195
21 110
29 166
23 150
33 26
18 139
27 26
37 148
9 199
37 24
48 30
13 19
45 47
29 76
49 114
28 58
16 11
43 103
17 126
45 138
22 164
48 181
47 127
41 23
13 66
7 43
47 197
34 16
33 84
44 7
36 120
38 118
25 76
24 126
8 145
45 151
24 200
15 63
12 79
17 196
30 188
20 62
49 190
28 193
20 110
49 168
37 165
27 178
44 39
29 141
26 113
40 144
44 78
43 120
45 91
8 104
30 149
24 21
25 144
9 103
32 143
44 64
16 189
29 73
11 156
19 120
44 177
40 2
27 30
3 81
25 106
27 110
45 76
46 82
14 186
9 144
35 190
11 56
47 146
39 40
20 51
47 123
23 139
12 49
12 63
35 51
49 47
6 73
10 150
49 27
44 19
10 38
8 120
21 107
43 29
4 96
46 91
10 69
25 4
2 145
37 126
39 180
33 30
27 170
11 63
26 42
27 38
47 59
29 131
11 59
47 9
6 168
32 190
26 54
22 190
12 43
44 97
44 119
14 160
12 160
49 37
16 41
45 128
12 94
34 62
11 193
42 9
9 119
36 165
20 21
14 19
3 157
21 109
38 120
27 27
14 34
30 173
14 163
25 71
33 20
48 13
28 60
9 180
44 193
2 15
4 36
46 173
41 91
7 22
33 110
49 40
47 165
49 28
30 131
18 113
4 175
46 32
41 154
38 105
18 100
8 87
48 164
11 24
18 150
6 94
18 141
26 125
20 176
47 141
28 27
24 6
7 169
48 169
22 77
9 200
44 7
9 187
49 180
36 56
28 188
28 29
11 110
46 174
3 165
4 94
22 99
35 159
32 99
20 59
4 184
44 168
10 184
32 101
27 134
45 171
35 7
1 50
19 172
23 46
46 61
36 199
10 9
2 19
3 27
41 176
33 124
36 135
47 174
4 57
4 94
15 200
45 164
13 83
49 97
13 143
4 17
46 117
22 118
7 47
37 76
48 173
24 38
12 133
44 17
31 150
20 174
12 59
25 151
31 167
37 90
30 118
29 96
5 51
23 196
36 135
29 183
46 128
27 187
29 141
11 181
33 160
17 62
12 105
30 137
20 155
28 71
27 180
8 28
47 142
30 169
17 174
14 88
33 12
30 167
39 198
33 167
30 22
