31 5
10 33
27 3
49 24
48 37
9 22
42 4
17 6
23 18
41 16
22 38
23 17
32 15
27 8
14 40
25 35
27 7
24 1
31 32
44 36
27 28
3 20
8 7
2 7
1 13
19 22
6 7
15 24
8 28
8 32
41 2
49 22
20 37
15 36
45 9
42 21
33 1
48 23
5 30
28 37
40 39
16 22
35 18
9 13
15 24
12 8
22 33
15 33
21 35
4 1
37 5
46 17
1 1
9 20
39 7
35 13
22 32
1 11
7 1
37 3
19 4
20 11
29 1
31 11
17 7
12 8
5 7
24 4
43 25
35 16
35 29
7 39
1 4
21 19
1 37
22 16
22 32
5 40
36 20
30 23
26 7
7 26
44 22
37 20
3 2
30 12
3 9
45 2
10 27
14 6
