21 2
1 53
1 176
29 100
14 17
47 36
47 290
26 109
34 322
11 253
43 21
35 291
40 242
28 45
12 253
1 336
46 137
40 307
9 40
16 51
16 121
20 210
49 242
39 154
17 214
42 368
9 154
22 34
8 110
6 24
41 306
40 50
29 141
45 7
35 241
12 395
14 288
35 333
19 71
47 85
47 132
50 84
38 193
45 63
22 282
47 204
18 150
17 150
50 33
28 142
11 372
46 78
4 380
42 58
30 327
25 200
30 238
41 137
20 23
27 290
17 253
29 127
50 5
49 77
13 381
18 252
41 104
3 229
35 372
3 338
29 316
26 372
38 159
40 128
29 256
11 376
5 372
34 210
12 128
8 362
38 346
27 90
7 242
36 259
49 43
47 262
28 236
40 29
25 104
20 49
39 86
32 273
2 317
50 398
39 248
10 259
7 121
27 27
16 219
12 121
39 263
34 201
38 183
25 126
15 269
42 66
16 180
47 189
35 189
3 168
17 224
12 189
42 345
34 148
42 70
31 171
11 27
41 147
12 59
5 52
13 141
44 135
24 74
11 80
16 236
38 315
33 349
45 84
21 375
5 398
16 179
27 249
17 358
14 205
16 346
35 335
19 338
12 38
5 273
3 135
37 220
3 149
46 211
9 73
38 354
46 273
13 123
42 296
6 203
40 59
15 181
39 257
45 231
40 243
36 178
9 109
19 229
17 231
8 189
39 364
43 7
2 388
3 82
7 348
19 350
1 246
31 264
3 122
13 299
33 300
25 89
48 31
50 31
42 289
15 136
16 125
34 45
41 279
45 227
13 168
45 35
49 322
41 31
1 10
8 103
36 262
38 343
44 265
22 15
16 309
13 286
24 170
1 226
28 335
31 194
38 222
3 290
23 362
2 139
34 334
5 276
9 186
14 85
13 175
37 27
49 400
33 8
32 340
11 237
13 253
17 363
40 290
19 62
30 235
27 384
7 90
13 264
2 290
38 143
7 65
17 169
11 301
43 23
5 390
19 17
23 62
48 368
30 182
11 118
17 397
19 389
18 279
19 320
50 100
26 273
46 79
50 378
34 375
9 358
11 267
8 361
1 81
35 304
1 326
31 399
18 52
1 322
7 255
46 308
8 48
14 53
15 53
2 60
6 39
12 90
19 257
1 250
19 278
28 355
23 47
2 39
4 195
5 142
42 106
36 137
3 239
19 184
25 35
41 376
48 103
42 20
24 246
8 119
35 249
42 277
16 330
3 350
9 218
31 14
19 229
39 357
16 201
30 247
21 304
30 17
18 143
43 254
20 302
10 372
28 389
49 263
6 60
26 267
22 256
30 115
26 361
40 178
48 250
1 275
31 276
44 279
10 303
44 324
28 356
15 207
8 65
16 138
12 353
5 353
19 218
30 385
1 20
14 188
22 39
30 221
25 2
23 19
27 344
23 312
10 125
25 80
50 81
42 123
48 292
1 35
35 238
14 288
42 188
6 377
35 238
7 174
19 126
44 150
12 63
22 67
11 1
19 289
14 129
39 246
12 152
44 58
32 276
38 307
26 377
33 359
37 348
13 271
3 103
17 319
38 246
19 4
28 301
46 395
22 260
34 6
5 205
47 132
32 6
4 187
43 173
2 300
22 132
13 185
27 36
30 171
5 233
33 277
23 69
6 172
30 386
13 373
5 159
24 332
47 332
29 165
40 350
15 78
24 45
12 352
27 157
33 223
4 128
42 264
50 238
7 319
1 20
34 30
16 371
16 254
26 225
17 182
50 314
23 235
3 115
50 381
5 348
33 322
30 209
46 167
32 284
24 389
12 125
18 386
20 337
35 360
45 348
27 369
23 309
21 70
36 106
46 130
36 325
25 279
32 148
33 161
4 164
4 259
28 151
20 187
32 382
50 230
23 135
23 361
20 248
40 238
17 47
46 7
40 388
48 26
33 234
29 396
6 35
31 389
35 103
32 174
14 248
35 53
44 92
5 124
38 17
2 17
35 59
15 245
26 185
40 54
9 218
45 343
3 378
2 338
18 146
11 17
46 67
17 46
40 106
31 18
40 114
4 115
29 138
2 29
3 70
20 293
18 198
49 282
46 366
7 201
29 152
1 28
41 270
15 384
27 277
15 114
10 384
7 385
7 168
7 283
9 155
20 118
42 154
39 346
28 356
5 62
19 380
28 349
33 389
10 224
7 343
20 224
19 394
46 158
18 329
3 78
2 179
5 25
40 6
3 375
22 381
49 291
15 92
16 121
50 358
47 165
43 300
4 372
2 74
48 237
48 400
13 148
36 146
18 359
29 87
36 95
30 218
40 27
48 8
23 68
1 235
45 195
23 143
34 308
50 355
22 390
46 22
37 263
48 117
13 358
47 155
49 156
46 231
27 74
20 29
10 362
3 64
16 179
12 324
40 371
9 124
36 395
24 104
44 300
19 330
6 240
23 302
16 90
42 295
24 391
13 279
43 260
40 267
12 61
22 83
28 42
37 219
5 40
13 259
47 96
3 191
26 44
11 24
48 113
10 21
12 54
19 158
27 164
15 92
21 211
30 308
18 162
1 82
48 155
5 36
38 180
43 162
38 5
34 49
16 133
47 49
20 23
22 392
2 36
18 188
47 40
1 179
37 193
50 371
9 31
17 71
10 184
41 152
7 173
16 185
34 98
1 47
44 246
22 149
41 385
47 171
25 379
6 222
40 306
42 171
45 65
10 5
24 260
23 214
14 145
12 309
42 204
13 290
15 143
37 175
8 240
43 258
9 185
37 209
17 243
20 69
10 265
7 205
37 229
38 301
10 294
24 384
32 357
27 169
34 188
35 153
14 315
35 147
29 351
5 196
3 204
8 143
39 72
31 74
12 369
18 37
41 96
21 222
46 27
26 244
15 50
14 310
27 183
11 367
43 117
16 245
34 250
48 152
26 143
33 384
5 267
45 323
28 15
35 223
1 142
13 57
37 257
42 321
9 216
12 60
28 307
2 31
2 35
34 171
36 341
36 242
44 88
50 65
8 268
36 271
45 5
13 366
18 3
50 333
32 362
45 274
26 240
2 335
4 285
19 326
23 305
42 97
2 318
37 370
32 97
36 343
23 186
6 49
13 39
27 66
39 217
47 66
2 344
32 286
18 140
17 238
28 256
11 367
16 394
20 240
5 355
37 375
44 217
17 316
17 64
28 115
42 396
48 311
10 372
10 172
13 183
44 65
26 341
9 3
33 36
40 179
34 202
46 369
41 245
26 263
21 106
25 6
38 323
40 376
50 128
27 290
40 356
27 202
14 273
30 37
6 365
10 141
15 338
18 21
8 145
10 130
5 398
31 393
13 340
2 249
8 21
46 243
23 109
46 315
28 60
3 251
48 17
45 22
21 251
32 286
6 183
17 318
15 250
48 131
48 168
39 243
26 322
7 332
8 67
47 178
39 356
39 49
23 150
4 138
3 209
10 60
8 165
6 284
13 216
2 21
35 244
29 77
3 252
39 186
15 310
42 210
7 145
15 85
24 220
42 162
29 278
38 180
4 127
40 280
3 309
3 169
45 275
24 93
7 337
13 20
7 355
18 67
45 147
20 125
42 165
19 87
22 396
37 346
15 192
11 358
20 257
33 338
41 5
15 31
1 247
29 237
3 383
24 48
35 321
27 306
45 251
14 288
45 214
10 225
13 68
12 52
16 119
46 346
40 373
13 147
2 242
41 239
45 289
46 151
3 278
45 124
44 235
7 196
2 32
19 218
38 9
42 64
40 89
29 253
2 378
48 270
2 152
30 122
26 222
42 104
14 244
39 137
30 38
50 286
23 280
23 142
19 16
8 388
1 294
5 296
43 333
20 67
32 124
39 380
41 299
26 391
10 197
22 267
38 119
3 223
11 86
47 8
26 61
37 113
3 45
42 229
47 136
17 334
43 53
13 147
19 176
35 113
21 122
15 163
49 353
27 16
1 223
3 254
1 183
41 315
7 205
45 94
20 220
10 154
27 370
27 173
10 251
17 48
24 12
1 83
30 239
47 230
17 13
28 334
21 299
14 196
41 102
16 398
40 225
23 120
17 187
8 129
20 121
26 67
38 24
30 63
12 177
29 330
39 391
34 215
2 100
5 199
26 204
17 353
2 146
22 316
32 318
40 269
45 95
16 365
31 56
31 236
6 250
1 349
33 18
12 326
43 283
2 43
13 210
35 34
2 188
46 119
9 303
31 72
40 189
21 114
1 141
13 376
28 312
18 277
38 229
35 236
1 121
19 237
6 106
27 27
28 124
39 365
42 124
43 135
29 37
3 137
31 259
49 167
36 310
3 259
28 241
42 366
40 83
28 158
13 2
34 74
4 27
6 114
38 101
20 1
7 202
42 385
19 97
26 61
49 93
23 5
46 78
32 74
48 138
46 145
11 63
32 392
8 167
25 253
31 51
44 109
31 377
21 128
1 151
50 395
19 201
36 109
34 146
38 333
48 68
25 74
28 369
9 285
43 227
34 141
10 107
33 118
32 119
36 71
40 26
41 8
4 400
26 183
3 339
3 220
34 303
30 161
38 43
41 379
41 162
7 386
24 189
6 398
41 172
12 80
23 5
14 373
47 399
5 229
26 163
31 46
28 175
11 319
30 371
36 214
18 373
15 7
11 123
48 291
9 196
1 373
14 24
21 116
1 121
23 400
25 208
29 251
43 399
13 339
50 352
40 285
40 283
31 315
27 186
32 342
48 59
22 263
35 315
48 113
14 198
37 66
39 214
43 102
9 359
13 395
50 256
30 302
25 34
28 63
11 394
50 247
11 192
44 260
48 283
8 61
13 100
8 199
25 386
8 316
33 244
48 379
25 352
20 137
23 230
50 33
8 230
30 157
43 86
12 397
40 314
33 273
27 107
1 21
10 221
42 166
43 229
49 196
13 41
25 263
28 127
32 140
19 24
10 8
20 209
31 218
8 288
31 58
28 96
23 139
28 214
8 153
41 122
28 391
48 399
34 370
35 169
33 156
35 165
22 100
20 48
5 161
47 38
38 288
40 188
13 344
38 136
5 130
2 72
33 84
2 399
29 93
23 38
22 80
7 94
24 205
18 129
10 345
13 240
45 109
18 314
24 305
31 269
4 386
40 110
44 36
10 331
8 17
42 82
34 288
45 285
20 268
42 42
49 1
11 174
19 277
5 93
22 397
39 322
38 396
22 324
43 58
47 244
2 110
38 121
4 22
41 80
8 60
12 224
48 231
36 4
18 218
24 333
19 210
47 126
33 217
31 122
34 120
14 118
1 45
21 4
38 255
17 354
19 352
39 193
8 173
12 265
16 116
24 17
12 297
19 158
47 12
19 195
4 61
14 304
45 390
24 203
24 186
7 280
24 341
6 144
48 387
39 63
33 317
9 37
5 143
17 233
25 24
9 219
28 232
31 225
37 223
31 260
34 367
5 197
30 278
22 293
29 258
6 121
6 346
50 69
44 188
40 12
20 22
37 128
26 190
23 229
8 175
20 205
41 362
26 394
11 354
6 112
14 342
12 51
27 197
35 142
48 267
11 251
44 280
3 286
3 104
46 290
49 289
11 388
14 66
27 87
39 362
43 255
45 84
21 199
38 150
32 189
37 222
9 379
13 37
39 77
34 63
30 342
38 124
9 225
31 6
11 284
35 233
34 396
46 12
3 60
43 8
5 258
27 294
22 393
20 121
21 394
27 119
46 155
27 225
33 199
45 395
20 199
17 54
18 20
27 200
44 305
13 251
25 181
24 99
1 214
18 377
29 67
12 248
3 74
39 366
13 177
6 363
8 98
38 132
33 329
35 213
13 330
30 205
10 208
37 91
43 290
1 325
24 251
17 195
18 25
1 274
50 322
2 326
50 72
16 132
41 60
36 103
15 269
2 39
11 8
32 368
14 57
37 13
5 32
13 88
10 315
42 287
23 97
39 95
48 192
33 363
7 235
38 199
11 341
20 197
10 209
1 398
14 61
45 29
12 122
49 146
21 394
41 92
42 386
36 202
31 62
30 1
18 293
18 89
25 286
31 246
44 349
2 134
19 24
28 347
32 251
9 394
42 374
50 360
46 108
26 181
34 384
28 49
6 130
19 148
9 159
30 345
36 164
46 220
5 284
13 389
40 87
8 214
27 54
23 348
16 122
46 170
49 90
37 37
33 242
17 258
28 207
46 200
25 268
38 54
44 53
44 168
35 267
27 198
8 397
24 331
27 288
37 170
20 52
37 37
2 45
3 392
17 61
4 210
20 147
24 126
29 215
12 292
36 373
27 219
10 142
11 257
22 284
16 51
2 239
11 178
13 306
32 42
8 225
8 199
27 368
4 126
41 198
40 383
23 355
8 188
46 207
27 265
19 292
39 74
41 81
50 62
12 135
4 175
30 268
35 216
15 303
25 225
44 84
9 17
40 199
35 153
12 133
15 342
41 35
47 395
11 233
22 340
9 284
46 129
42 332
32 196
28 247
30 242
29 283
9 203
10 2
17 91
10 4
49 316
6 216
39 383
21 93
36 187
40 284
28 21
46 134
36 343
6 4
14 180
47 111
28 320
32 168
9 181
44 64
1 313
39 282
49 390
46 201
9 268
46 360
5 232
26 104
43 394
34 182
20 188
28 88
36 273
12 353
43 12
29 221
10 398
31 239
39 70
15 374
25 134
8 304
23 212
41 2
45 224
41 297
36 10
49 42
3 161
15 377
40 180
11 246
29 153
28 275
21 224
30 227
41 114
49 384
21 310
28 90
50 96
22 373
32 147
14 287
12 213
38 278
27 359
21 21
37 201
47 399
12 172
24 384
21 154
12 218
31 390
41 306
33 10
28 93
15 27
40 96
17 289
23 81
6 23
28 390
39 201
36 390
44 398
44 250
26 307
38 140
50 334
44 114
20 363
25 84
38 303
46 354
36 45
38 21
18 269
4 316
40 37
41 28
6 375
38 324
38 92
4 38
46 348
15 129
50 170
13 269
43 147
38 127
6 105
3 181
19 220
43 147
21 186
34 186
42 18
34 214
50 260
31 218
2 386
29 360
48 21
44 124
41 393
23 375
25 117
7 53
17 380
47 125
15 398
2 272
33 94
45 291
23 304
5 293
39 138
34 172
45 162
22 354
7 114
2 30
22 380
2 34
25 26
10 174
39 92
3 79
27 310
18 47
45 132
6 308
22 29
8 27
48 155
12 234
18 306
21 265
43 202
5 133
30 247
40 369
28 292
32 400
35 200
5 320
28 367
49 11
32 308
21 300
46 232
48 167
31 30
46 384
8 103
32 325
39 303
30 148
34 175
40 400
26 252
19 267
37 358
17 240
46 330
25 383
20 84
8 319
31 236
32 328
48 188
14 365
50 61
12 114
11 283
46 26
42 352
27 314
33 70
9 131
17 309
6 123
23 164
32 288
4 17
31 259
18 116
11 267
25 233
48 125
22 368
9 389
19 255
37 66
19 9
43 388
48 332
10 34
27 317
7 363
23 311
26 328
45 297
3 368
30 256
50 45
36 31
5 316
30 352
37 75
26 26
50 390
30 101
13 30
7 237
16 80
20 394
19 337
6 5
27 256
14 90
22 293
43 347
7 221
30 186
6 300
8 217
27 386
47 284
23 315
10 385
50 103
45 85
7 158
33 350
21 253
33 223
45 383
20 336
11 241
33 371
36 92
34 79
49 16
24 294
32 376
35 399
21 31
5 380
29 269
43 137
26 31
41 96
35 109
43 155
45 376
26 108
20 313
39 246
21 187
28 15
25 303
29 389
7 344
15 218
40 273
43 2
38 248
3 348
45 343
33 165
38 83
23 218
45 41
4 110
50 336
34 181
41 26
24 262
42 395
5 115
33 264
47 213
13 205
26 212
34 28
7 32
15 248
25 90
16 170
23 19
18 327
24 247
3 187
10 60
37 92
10 211
25 242
20 273
41 55
29 140
13 119
18 330
40 142
11 310
1 135
49 199
33 353
14 319
19 123
10 353
28 339
27 38
10 231
48 89
39 295
33 305
38 159
5 65
16 223
46 93
34 360
20 400
15 26
36 394
42 91
4 273
41 261
49 348
20 9
11 60
49 73
48 255
30 263
36 162
35 52
16 41
9 71
4 350
9 56
25 257
16 294
29 162
34 29
10 192
15 383
5 212
5 312
40 92
9 77
42 282
32 320
33 190
14 168
27 364
30 8
34 84
25 262
17 76
1 55
23 189
47 96
3 202
6 152
16 164
14 48
2 58
47 179
50 191
45 166
35 17
38 164
11 183
36 180
26 68
22 146
44 223
14 48
39 277
49 369
27 177
24 136
2 108
36 115
30 359
12 110
37 248
38 245
16 40
16 48
8 172
38 114
44 328
24 205
29 13
49 221
49 43
27 182
43 74
4 169
31 180
25 364
6 104
36 246
45 365
41 299
7 169
5 17
12 245
48 329
8 63
35 366
28 139
39 343
41 193
24 168
14 88
25 286
49 185
14 381
17 284
40 120
24 313
50 41
40 18
17 392
1 273
31 100
7 389
13 106
34 107
48 309
27 396
19 254
2 109
43 223
15 75
26 248
20 224
40 166
4 224
15 212
9 396
14 338
24 192
37 196
29 209
9 323
25 256
19 20
25 195
43 314
20 226
20 100
37 152
10 118
5 43
3 194
49 316
7 146
22 393
10 224
28 247
20 206
41 230
50 37
45 104
4 173
19 368
3 114
42 298
30 179
1 66
45 263
41 389
19 232
48 232
5 363
20 6
30 383
21 341
1 365
47 186
18 195
14 205
25 2
25 110
28 14
46 86
22 286
5 227
7 312
30 202
31 282
32 352
11 53
43 184
11 226
44 64
15 230
1 31
30 168
48 23
48 376
3 349
39 25
2 68
50 45
32 123
22 56
27 260
13 150
10 224
38 200
18 358
5 121
16 330
41 138
37 335
38 342
32 377
10 296
2 162
10 379
23 252
2 380
50 170
3 54
24 382
7 113
41 184
20 224
6 198
27 88
24 277
29 33
22 202
15 94
50 193
46 87
9 354
43 77
10 353
6 288
23 51
4 138
16 339
32 253
36 373
14 242
26 371
43 263
17 94
12 107
19 335
17 180
31 210
6 59
28 339
34 59
10 105
43 52
13 186
22 101
39 181
7 177
22 305
7 273
9 14
17 79
18 305
12 124
28 367
10 73
30 319
2 171
32 298
39 328
39 389
20 46
17 148
10 258
15 154
25 363
29 1
46 228
31 355
12 94
14 10
14 299
31 391
48 353
36 29
2 139
30 237
14 367
12 35
28 168
41 250
4 146
34 68
39 83
3 171
19 151
35 346
2 138
15 169
36 220
16 59
10 70
26 9
32 90
25 318
15 59
8 15
27 382
6 341
45 98
4 26
19 92
32 160
30 229
7 96
46 297
16 315
6 129
19 203
31 293
35 250
40 149
29 114
30 6
1 49
11 313
22 295
14 170
7 50
33 13
48 216
33 35
16 154
17 65
43 278
24 214
27 62
23 322
16 168
34 50
37 248
18 1
10 352
2 365
26 315
18 175
18 264
23 357
28 327
44 144
19 363
18 110
26 323
35 266
17 353
2 252
11 10
8 141
19 45
47 162
14 203
2 262
36 364
43 12
12 23
48 116
31 90
19 17
9 188
46 284
32 272
36 311
42 152
49 394
2 212
5 172
25 277
50 37
27 167
1 245
46 135
14 365
23 208
7 304
30 60
27 28
47 387
31 81
11 204
30 237
20 109
36 371
40 55
42 26
12 265
34 25
16 301
16 177
8 24
13 285
46 269
4 166
28 61
28 214
50 59
18 243
2 317
1 181
10 313
19 289
44 365
45 88
27 266
9 145
50 102
33 304
30 140
1 142
16 294
45 370
4 388
20 259
27 73
31 105
44 302
30 289
17 36
33 338
8 107
12 117
14 245
36 394
14 114
24 222
24 186
31 98
28 212
27 53
8 1
45 39
35 387
33 212
5 283
34 100
7 66
11 236
31 322
19 240
36 128
14 67
33 251
3 238
2 235
37 305
41 323
14 140
14 245
17 269
40 130
12 113
1 228
5 397
45 215
49 128
27 276
28 287
6 212
16 53
26 208
48 47
9 184
22 201
14 271
20 89
5 87
4 229
39 148
45 168
44 233
13 75
33 217
12 122
14 299
31 116
7 29
41 322
31 315
15 122
6 155
23 161
4 10
14 267
30 164
16 234
50 304
23 28
5 219
40 328
39 121
36 261
20 355
50 233
50 242
37 183
9 100
29 270
26 244
2 255
30 178
48 195
27 72
34 67
39 196
12 149
31 163
17 304
44 203
43 10
38 11
2 295
6 348
7 172
11 320
50 139
10 177
35 220
8 274
36 138
35 364
22 144
40 64
34 177
45 395
17 293
33 281
1 120
47 55
43 19
4 15
11 298
46 68
9 309
47 295
23 292
4 121
21 163
42 387
20 109
38 32
39 239
8 346
36 33
19 251
1 94
32 18
25 301
32 196
23 334
41 138
17 207
41 318
35 15
19 26
50 252
2 211
24 178
10 229
26 28
45 279
39 249
23 199
11 235
16 234
38 95
12 143
8 15
19 46
26 262
19 160
33 133
25 46
18 338
23 318
50 109
24 44
36 311
5 354
15 385
46 15
30 44
1 130
49 95
16 92
5 12
19 91
42 167
43 116
21 194
47 2
15 326
45 20
15 273
17 144
45 106
21 304
38 52
35 113
11 76
26 59
42 351
13 374
31 232
23 386
3 99
38 345
27 353
47 384
30 255
45 182
45 82
48 291
33 66
50 39
18 307
7 155
2 267
20 189
21 219
40 264
12 64
10 106
33 36
18 150
42 124
45 204
46 272
1 87
30 365
47 17
21 334
28 83
31 59
37 142
46 304
18 89
33 196
44 334
47 207
49 51
19 380
20 24
6 330
39 318
49 125
48 262
32 358
11 145
39 237
50 174
49 278
16 253
1 162
12 249
37 129
5 354
27 151
32 223
28 19
9 93
19 8
3 41
10 148
35 7
43 162
24 399
28 17
21 23
19 242
14 303
15 290
19 213
50 177
19 370
36 51
29 338
47 380
43 124
33 314
14 96
10 237
17 291
12 243
8 140
21 400
8 103
44 365
48 3
19 270
44 159
20 176
5 46
35 241
15 107
50 73
30 203
25 226
18 142
11 177
48 392
48 234
29 180
4 229
29 45
9 345
12 203
21 270
5 215
47 29
49 176
50 16
35 74
25 172
15 28
37 24
27 132
50 252
38 393
34 224
36 313
32 158
23 148
44 203
4 66
16 99
34 344
50 130
13 4
49 305
45 379
45 364
26 131
28 215
27 128
21 346
32 335
17 260
29 37
37 98
14 135
9 153
19 9
18 290
2 332
18 346
2 143
25 397
9 109
21 179
34 37
22 86
22 112
7 194
30 281
44 298
23 222
47 277
46 159
20 162
13 372
13 75
5 310
32 11
29 168
15 80
18 266
41 45
37 219
4 151
15 266
14 279
37 23
13 51
42 91
33 36
28 319
21 47
50 179
21 1
19 331
17 38
37 174
49 270
33 226
48 327
38 115
12 175
50 270
4 357
30 329
11 328
45 289
49 222
10 10
36 283
49 371
35 377
3 379
40 21
4 385
15 179
12 243
46 99
44 75
46 124
28 340
34 114
12 200
37 339
45 276
10 30
5 318
36 74
41 135
8 271
2 163
9 231
18 261
46 28
23 122
19 387
40 220
21 32
41 257
38 11
42 377
27 342
39 284
20 158
12 304
3 154
6 47
3 246
1 124
35 255
19 88
5 71
8 272
4 197
41 252
50 317
42 9
49 42
13 345
16 269
43 12
28 136
40 49
12 359
44 389
19 300
42 53
29 53
4 163
32 26
7 189
28 347
23 44
35 321
32 146
23 214
2 248
18 357
22 323
38 250
49 142
38 138
27 276
41 79
17 251
40 8
22 241
38 259
12 265
46 281
20 210
20 78
39 78
13 12
22 123
21 13
41 70
46 274
8 383
22 57
18 340
22 7
22 126
15 56
22 94
39 136
25 66
20 150
30 106
21 291
42 298
19 6
42 246
3 156
17 324
45 122
29 86
46 299
50 248
44 84
29 382
40 380
5 269
27 194
26 35
13 196
33 290
33 227
1 270
34 102
21 132
34 391
50 98
12 104
32 372
8 95
39 305
14 89
4 390
42 126
45 377
30 400
42 89
46 248
9 186
19 15
28 253
1 394
28 302
50 221
32 384
41 161
41 102
29 268
21 112
4 334
50 59
37 153
36 214
36 84
40 13
40 319
36 202
14 335
7 327
36 116
10 377
33 205
4 370
4 6
45 363
50 149
19 291
46 126
4 222
50 340
33 247
6 356
12 310
7 133
38 394
27 333
10 146
29 381
38 4
38 300
18 400
24 336
22 338
32 143
45 87
29 273
4 400
4 269
20 347
42 93
24 177
36 266
24 276
27 316
40 397
3 235
42 123
28 203
24 332
39 356
2 89
13 14
31 350
26 366
50 341
16 176
28 44
24 90
40 377
3 38
31 364
49 289
37 137
5 107
11 394
19 14
2 9
6 100
7 226
12 44
33 182
29 268
38 374
47 52
38 279
30 31
43 273
27 240
44 295
21 70
19 357
29 257
14 339
24 295
13 136
20 305
29 210
32 143
40 266
2 62
40 3
7 347
19 36
4 179
18 248
29 139
43 100
17 239
2 220
37 153
40 46
43 305
17 395
42 204
17 83
5 356
11 209
35 11
37 215
4 171
46 134
3 362
17 143
8 285
18 265
13 78
44 41
4 201
11 140
31 236
31 70
7 290
44 119
41 189
6 372
4 377
29 179
43 282
40 255
37 333
30 58
3 107
5 24
30 363
27 240
30 174
3 343
40 151
38 209
38 70
30 79
2 92
1 223
42 218
15 4
5 111
15 357
2 98
41 233
30 154
25 16
43 396
16 72
48 395
40 266
25 71
29 274
35 198
47 336
25 45
21 66
45 300
23 93
33 325
45 356
46 272
3 322
30 320
50 347
37 2
24 255
40 156
20 27
34 28
44 177
5 111
43 27
30 125
12 96
29 37
2 175
1 111
8 80
16 242
47 184
37 213
12 389
4 381
50 256
16 180
42 55
8 190
34 130
50 60
42 395
20 69
2 375
15 55
29 300
27 329
17 6
36 107
5 138
15 281
6 311
18 382
26 91
32 87
6 316
34 286
34 370
31 315
33 315
39 95
19 190
14 292
40 356
28 192
3 136
7 381
43 324
35 123
40 42
24 56
26 319
33 203
23 146
44 24
37 82
34 358
49 304
16 382
23 339
5 170
15 89
4 242
23 49
39 310
50 19
18 85
28 331
2 386
22 156
48 198
36 326
34 230
36 392
43 388
24 92
3 150
12 98
42 183
15 224
6 122
39 349
9 81
11 151
4 181
36 130
20 198
8 367
7 169
11 184
6 119
5 101
44 337
17 298
27 140
35 293
21 182
42 109
33 392
28 57
25 250
20 128
34 183
29 284
6 140
31 107
46 354
8 66
20 346
50 105
24 191
47 269
27 136
23 362
11 169
29 12
7 306
7 341
15 250
38 174
42 156
41 372
23 35
35 284
9 220
3 392
15 312
32 46
20 129
30 365
33 239
10 68
39 331
23 393
5 335
49 336
46 102
17 250
38 343
31 213
20 49
36 65
27 277
23 250
30 155
34 207
34 202
36 164
24 319
38 389
41 73
46 325
23 103
33 9
48 40
36 246
29 145
33 121
39 291
17 121
33 108
33 190
38 105
12 72
16 388
24 209
10 123
48 159
29 90
19 159
45 239
28 90
45 195
19 389
24 363
14 176
24 342
39 215
26 29
17 64
17 25
15 162
25 13
15 302
9 116
12 343
4 137
31 110
31 120
24 279
42 160
39 215
36 43
40 196
4 24
14 125
39 310
18 21
38 343
21 96
47 394
14 194
4 63
39 263
22 11
16 119
3 260
42 393
34 242
25 96
44 99
2 298
11 83
37 88
48 83
41 35
3 131
30 326
15 91
48 298
7 299
35 209
15 50
12 45
48 230
48 251
26 187
35 64
37 82
27 78
46 128
34 218
5 381
23 280
43 185
18 158
12 176
22 129
31 228
47 170
43 68
46 300
38 228
4 385
32 281
6 80
19 186
20 30
19 24
2 109
28 363
39 95
34 241
46 219
50 357
7 222
5 118
40 192
44 94
50 314
18 202
36 57
28 232
16 198
47 109
31 84
4 269
48 359
6 155
16 166
23 320
4 139
27 194
35 340
42 255
7 327
30 368
38 161
13 124
17 69
30 17
21 168
44 232
23 201
41 347
37 123
18 68
28 59
38 204
18 146
27 65
33 376
28 267
9 255
40 204
19 239
12 81
8 92
32 170
38 371
20 267
41 287
20 387
35 289
29 277
21 226
14 373
47 45
38 80
14 384
17 108
48 99
37 312
38 330
45 79
14 398
23 35
16 321
6 78
14 115
17 150
17 394
12 231
35 297
40 387
45 249
43 66
35 224
9 340
38 241
12 253
11 348
40 224
24 19
4 134
11 330
49 14
21 42
39 338
12 356
40 294
2 302
11 315
37 364
38 137
36 213
28 277
14 94
7 97
49 242
40 393
13 193
29 249
28 351
31 272
9 104
25 149
3 335
13 319
3 143
42 79
16 33
35 374
2 241
43 264
41 115
43 319
37 37
39 193
31 321
12 133
44 393
26 381
10 269
10 340
16 105
3 339
37 394
25 284
36 16
36 190
40 94
32 191
31 322
2 146
44 123
18 324
12 204
13 190
45 287
17 22
24 237
6 111
9 114
36 244
23 322
20 260
43 396
45 70
43 352
22 217
37 277
47 15
45 242
16 354
18 139
39 120
9 140
17 393
49 219
45 262
7 399
42 241
42 282
46 219
23 362
50 332
23 173
28 325
17 309
20 208
42 306
44 286
15 90
3 381
46 223
21 86
19 137
49 16
17 203
8 216
49 240
14 348
50 86
10 174
3 398
3 166
5 253
14 146
38 161
45 195
32 60
46 257
22 291
15 162
10 85
18 103
22 176
42 338
13 155
21 180
13 179
44 108
25 5
44 145
12 357
22 2
35 343
15 87
27 81
46 97
37 229
49 309
23 150
14 366
30 315
47 368
10 202
42 105
35 202
48 72
33 260
50 376
33 105
33 39
1 38
26 190
37 66
43 123
38 155
19 195
33 218
42 233
33 105
46 37
38 237
1 290
8 153
32 365
10 170
42 45
13 216
13 277
2 280
1 313
28 122
18 299
42 378
42 88
12 284
18 119
1 285
41 369
43 379
9 350
46 133
22 99
9 283
22 240
4 315
46 395
34 187
50 102
7 262
22 88
41 359
2 46
48 182
38 90
45 234
21 315
15 22
38 307
6 115
5 25
6 111
16 193
4 72
48 357
11 335
4 114
29 400
45 333
17 371
30 125
10 390
10 365
48 271
3 214
17 264
17 201
18 259
13 26
30 173
18 163
20 269
12 237
22 184
30 326
5 78
46 319
25 234
21 302
31 339
32 148
50 280
18 56
19 244
47 331
46 48
12 201
7 175
1 153
25 124
21 195
9 349
15 110
20 154
42 353
33 238
7 334
47 192
22 121
1 191
34 395
36 313
16 381
29 375
29 58
10 74
33 240
46 11
42 400
40 16
11 336
24 27
17 157
46 315
40 286
33 276
44 177
32 238
5 139
45 162
47 306
11 34
1 201
47 334
39 73
38 261
20 128
50 81
46 215
24 111
8 347
37 375
44 250
13 102
30 364
6 383
26 394
45 117
44 179
48 100
43 181
15 271
2 363
27 385
42 127
35 33
33 389
41 163
5 267
15 113
41 107
13 246
21 94
13 105
5 101
11 283
15 396
19 39
41 57
24 163
32 104
2 108
37 279
21 198
36 24
11 369
46 182
13 206
17 286
30 195
17 254
16 383
26 33
15 249
21 286
11 397
36 12
29 23
41 302
16 277
32 315
9 258
37 257
13 262
4 220
22 255
13 155
25 299
15 377
17 308
26 396
19 144
28 351
28 235
27 36
47 396
21 362
9 294
21 213
15 208
47 129
37 321
31 57
34 397
25 316
30 237
26 356
36 65
9 86
43 346
42 323
8 351
10 309
36 84
40 11
15 284
27 287
27 34
46 365
31 34
22 221
30 222
43 243
27 182
12 78
41 157
12 309
6 47
38 107
44 344
30 234
18 208
10 128
16 389
47 15
13 113
18 194
5 288
16 372
29 169
43 287
23 209
1 32
23 261
39 367
14 117
50 90
42 385
20 286
27 201
2 12
3 58
7 310
7 26
22 12
29 320
4 37
10 293
28 282
43 395
21 171
33 29
31 219
28 231
40 6
48 327
36 59
26 54
45 395
7 381
47 198
39 45
23 100
38 60
4 340
11 311
2 344
13 262
12 349
46 213
17 159
7 276
35 108
34 282
45 34
32 289
1 337
42 93
11 147
39 393
14 193
45 239
18 266
18 34
7 151
36 254
30 370
30 218
30 162
14 182
50 55
40 167
43 97
9 182
6 392
24 112
15 287
35 142
17 5
47 361
33 330
48 357
5 275
15 169
49 128
49 323
34 376
13 318
20 42
19 240
41 319
47 296
26 103
10 152
14 333
41 253
29 320
4 20
2 40
29 283
18 148
3 80
49 371
7 251
35 74
16 330
45 30
20 222
12 180
45 153
16 379
24 362
16 107
1 173
42 146
25 80
12 84
34 48
49 31
12 89
9 117
9 329
20 197
35 284
11 379
48 78
13 261
19 7
26 354
15 99
24 310
25 259
17 381
37 346
45 366
12 317
15 140
7 186
13 45
13 150
43 93
33 76
16 55
9 133
44 392
4 76
44 288
1 2
7 137
7 50
4 324
3 310
5 76
30 376
27 80
9 344
11 269
38 391
31 397
44 123
14 53
13 144
10 203
32 279
10 269
40 73
45 253
23 144
14 20
4 319
1 83
11 302
42 7
22 386
5 267
31 173
47 220
26 376
49 333
47 353
14 134
9 259
17 386
35 75
16 147
45 35
49 194
42 346
19 17
38 249
31 167
12 53
2 27
6 110
7 201
15 59
21 361
9 341
36 265
14 159
44 188
43 241
38 124
32 324
22 207
14 227
20 328
40 392
17 103
7 275
27 34
26 46
49 196
45 317
28 6
8 285
43 78
40 398
23 81
4 25
7 80
21 304
49 361
11 296
14 236
14 1
15 297
20 266
35 129
36 329
6 266
1 329
48 280
36 16
12 122
3 147
11 302
15 20
3 28
3 51
5 157
42 391
33 156
33 326
47 25
43 98
1 132
18 189
37 73
9 255
6 197
4 193
10 144
6 348
5 331
14 59
24 13
13 186
38 339
2 281
28 57
41 383
46 332
14 216
41 391
49 200
43 94
7 280
7 5
3 332
6 139
23 31
48 29
11 28
24 194
11 67
41 234
46 103
26 319
13 368
46 236
48 48
10 106
18 348
32 227
9 341
13 322
19 301
45 387
47 67
40 101
44 182
30 201
9 31
33 9
30 104
16 367
18 2
16 101
6 135
12 207
49 33
22 183
15 228
20 36
18 10
20 179
13 210
43 177
15 335
49 351
31 175
30 61
50 212
29 169
22 328
44 315
41 396
35 45
47 390
24 73
39 6
49 179
29 176
22 182
2 258
4 297
31 1
10 117
36 195
43 177
3 9
13 254
47 348
23 3
1 141
44 90
25 82
46 293
30 292
20 146
4 258
45 354
38 201
48 351
14 76
45 260
36 132
46 315
37 215
30 19
28 355
41 373
2 330
19 124
4 40
26 291
19 76
50 93
12 312
48 323
13 325
31 31
3 267
5 366
15 238
9 86
48 152
8 122
24 44
14 50
39 185
38 362
46 211
23 371
19 154
21 245
23 283
12 185
46 97
1 221
43 177
24 199
37 70
36 109
38 180
15 130
5 203
20 240
41 24
26 276
47 308
42 54
23 189
2 20
26 88
9 24
3 385
14 215
28 246
32 359
26 273
47 223
50 374
50 19
40 148
