38 347
19 609
46 301
11 565
15 209
21 505
29 389
47 473
10 537
3 169
5 373
6 528
42 583
26 203
32 241
19 3
15 197
28 111
7 641
34 268
24 50
7 104
10 436
7 288
8 427
14 474
24 96
12 425
25 486
27 173
45 76
42 682
47 668
31 220
17 536
49 540
16 410
27 638
46 69
41 226
14 542
44 367
47 192
48 314
49 621
13 659
38 32
44 90
24 467
11 582
36 112
25 668
25 77
17 21
36 82
2 652
19 597
10 530
8 104
13 688
2 37
1 170
26 249
8 309
32 370
6 288
40 374
7 107
8 229
16 231
40 80
22 566
22 48
43 250
39 163
8 356
47 649
38 548
21 296
28 507
32 533
16 402
47 667
37 690
5 84
5 34
28 250
40 161
14 373
22 318
5 93
6 621
34 367
16 231
12 318
23 261
7 512
48 82
33 75
8 513
35 676
1 571
38 407
22 85
32 405
17 150
41 582
46 495
19 35
32 473
50 330
19 222
36 545
50 434
4 381
42 321
39 615
41 592
10 691
22 581
26 108
42 643
33 208
28 39
2 602
3 26
34 319
45 531
37 291
49 563
49 625
16 110
48 577
10 511
8 538
32 369
43 454
46 121
24 46
24 101
1 46
18 300
28 235
33 499
4 437
16 334
39 91
4 137
27 98
37 461
8 292
3 174
15 178
23 652
43 542
45 50
1 446
10 314
32 351
17 309
27 576
28 584
17 675
44 154
9 649
15 574
21 161
26 656
6 230
50 300
5 347
48 179
34 190
4 572
29 64
22 472
6 661
36 615
47 686
26 204
39 197
8 410
4 567
12 368
24 568
48 77
26 217
49 537
29 91
15 448
8 621
4 514
39 671
3 260
34 473
20 547
5 195
48 18
44 146
33 466
40 423
21 112
34 430
40 79
31 462
4 585
37 609
13 118
16 496
13 615
11 60
37 453
25 695
33 458
12 121
15 428
26 357
30 598
3 688
47 558
40 87
10 489
44 384
23 674
5 467
19 25
48 221
30 84
34 487
45 622
8 81
50 343
8 23
46 643
4 605
37 84
14 355
47 565
32 401
24 260
45 575
41 5
15 640
12 477
26 380
26 332
38 646
11 188
35 237
46 141
21 308
11 568
29 158
45 199
4 42
32 695
40 220
3 81
17 61
2 288
17 584
40 595
38 584
9 467
40 434
6 446
15 295
24 140
20 26
48 225
16 115
17 675
25 659
18 567
12 286
27 476
9 248
26 91
1 457
37 441
35 182
37 190
20 280
26 642
15 459
27 40
15 470
37 213
5 544
21 590
1 254
1 365
6 2
18 609
42 352
19 154
8 456
25 404
21 672
3 268
5 180
27 137
42 329
42 146
6 553
41 363
13 108
32 394
12 418
46 45
11 530
47 374
35 232
6 508
43 184
42 319
15 484
3 613
3 289
33 472
28 378
27 271
50 576
25 555
50 26
7 7
47 573
47 610
15 342
46 98
30 610
50 255
32 568
29 447
17 159
19 234
42 265
22 527
38 404
17 448
42 171
14 527
8 398
46 238
9 275
50 147
25 94
5 250
3 49
46 184
44 3
29 141
28 588
22 149
30 304
33 196
12 407
8 222
33 650
36 577
47 317
44 600
25 59
39 275
6 630
12 211
37 222
44 584
42 378
20 407
40 586
11 205
25 400
14 214
37 368
10 308
28 337
35 243
36 272
40 472
23 608
48 103
4 486
24 537
26 699
19 324
2 270
39 203
24 237
32 371
6 237
2 672
12 475
42 545
27 287
9 163
16 215
29 108
45 55
29 501
35 356
5 98
13 537
1 543
26 162
16 407
12 278
23 248
41 470
24 180
16 541
9 604
27 289
31 499
22 696
6 429
10 533
44 514
21 263
39 47
3 172
46 212
6 696
47 569
37 443
13 274
20 27
11 687
22 626
24 169
24 18
10 170
10 438
10 347
11 417
20 521
37 520
17 119
4 45
8 278
36 412
24 495
11 352
4 35
30 179
49 331
18 534
34 274
47 358
29 683
26 480
16 454
12 170
25 308
48 364
8 252
39 129
9 372
4 3
36 326
3 434
21 484
29 557
28 9
40 501
22 173
7 680
23 229
27 629
9 132
26 315
44 249
34 328
17 311
6 560
37 414
42 154
5 506
15 619
13 572
38 565
1 413
11 629
33 251
28 409
8 636
2 193
2 512
15 233
8 93
49 65
14 250
8 136
31 364
14 462
28 677
50 603
20 576
35 605
14 225
7 524
10 390
1 531
27 632
22 496
44 570
3 672
7 493
15 211
20 347
39 89
45 635
38 298
45 307
9 153
36 473
19 190
2 398
2 395
50 459
19 178
2 598
31 252
17 508
49 380
50 354
5 268
24 307
40 418
33 105
4 454
40 274
29 169
49 170
7 67
39 423
49 46
39 312
12 615
2 280
21 375
24 174
37 276
15 505
18 222
50 374
50 659
45 586
7 124
49 288
30 286
21 62
40 187
48 671
44 116
18 484
35 205
15 165
30 593
33 601
38 474
41 561
11 333
29 286
46 648
30 352
43 634
37 441
27 315
34 250
13 399
31 223
12 694
10 391
4 245
16 637
30 360
36 21
20 576
37 4
23 458
27 594
2 369
14 300
38 142
11 467
26 519
42 215
30 371
9 276
11 422
27 370
26 461
4 471
3 556
8 141
50 675
32 470
34 530
8 403
37 57
2 613
16 287
14 679
7 228
10 471
45 409
30 470
37 384
5 37
1 633
12 554
26 218
10 210
12 29
18 360
38 316
37 213
36 410
36 128
25 620
10 524
37 553
21 219
21 390
41 102
36 575
7 319
44 602
40 301
47 691
27 116
7 517
6 136
32 589
42 124
14 685
11 484
41 429
1 615
41 499
9 68
41 469
19 484
21 381
11 175
31 557
23 37
35 468
43 440
50 648
14 49
25 368
5 154
30 354
12 601
37 676
43 235
18 511
39 356
21 397
17 386
33 537
4 681
28 78
40 107
35 451
42 357
37 536
19 288
37 481
26 625
31 176
21 87
37 608
41 558
36 371
6 62
28 609
21 653
10 246
50 616
1 360
46 65
29 301
37 228
16 466
6 351
31 550
48 363
47 160
20 277
15 643
26 92
25 94
43 177
32 681
39 518
4 327
1 50
36 514
33 70
8 289
46 591
19 512
48 584
21 113
12 14
4 117
29 488
3 255
42 405
3 163
36 152
37 512
36 506
5 694
26 506
22 525
46 129
29 218
42 543
26 5
36 177
41 601
50 245
5 413
40 185
50 194
21 408
34 469
19 356
18 207
47 641
41 347
13 311
35 262
16 659
14 391
14 699
7 222
23 550
2 238
47 413
11 373
24 111
50 173
21 672
7 344
44 13
22 323
14 250
7 277
13 24
39 569
37 659
24 378
12 315
35 201
24 320
47 659
31 535
34 66
14 365
44 342
40 75
9 667
14 665
25 254
7 105
15 33
11 268
22 392
14 689
37 538
26 518
41 448
7 2
38 380
14 228
13 551
12 30
19 230
15 547
22 490
20 549
31 70
27 596
6 184
18 26
20 230
44 476
11 370
9 574
23 469
5 135
37 376
9 627
38 673
49 32
39 471
46 204
40 524
38 500
6 601
1 124
36 288
25 274
49 699
33 153
41 427
35 29
17 540
37 533
19 314
27 332
24 107
37 439
36 272
25 464
2 410
14 235
34 81
41 79
15 243
8 602
9 330
34 385
40 279
35 316
2 528
4 6
24 180
19 564
32 169
13 268
37 534
5 619
50 548
15 360
23 438
37 473
47 190
33 178
18 91
27 563
10 61
33 486
33 85
49 149
41 690
10 289
38 513
31 168
32 559
21 652
44 244
36 266
25 574
1 472
15 648
3 540
10 93
20 563
5 63
43 380
45 615
44 665
39 470
44 253
23 627
18 306
29 12
47 175
25 551
40 1
11 642
43 608
39 89
50 40
12 341
17 468
23 125
35 599
29 551
8 668
2 620
31 403
20 138
48 7
12 202
48 65
49 612
10 69
2 405
15 30
44 540
7 299
40 76
44 607
33 428
27 362
40 117
11 523
25 116
6 364
35 353
10 427
21 519
12 10
49 553
16 421
23 555
22 363
24 108
43 482
15 696
26 38
20 524
41 230
39 668
20 620
26 442
14 194
22 674
13 142
10 660
36 374
33 211
2 12
35 101
11 33
32 390
20 508
27 590
26 532
10 456
24 567
42 675
18 365
9 580
2 489
3 229
4 193
8 530
14 555
7 91
15 95
10 443
9 624
8 327
42 301
35 664
25 89
21 618
42 354
36 613
26 585
10 564
10 276
6 92
41 445
40 631
37 161
13 164
22 32
26 674
45 338
36 638
48 664
41 683
42 224
25 629
36 405
12 598
43 255
34 151
5 151
33 412
31 279
16 381
42 591
8 32
41 502
48 215
40 148
11 242
18 514
14 533
38 251
4 131
21 562
40 356
15 407
23 669
28 71
11 239
22 552
12 157
38 533
13 156
30 86
30 399
10 464
38 653
26 440
22 134
32 120
4 527
38 645
9 632
50 438
9 470
3 611
16 170
40 424
47 366
50 584
38 301
22 568
33 21
8 55
48 240
5 413
2 104
12 526
16 487
31 17
10 141
50 580
2 449
36 693
25 210
34 635
14 460
37 146
13 259
4 327
47 177
46 323
46 240
32 601
43 428
43 438
30 487
49 54
5 119
37 275
7 643
40 38
25 527
39 224
34 310
39 13
15 82
44 481
26 515
14 54
47 158
18 177
39 118
35 234
30 349
7 700
3 486
50 577
16 328
24 688
19 242
36 117
34 469
40 48
41 641
23 32
35 9
5 612
42 274
2 60
27 364
44 428
22 225
11 685
2 108
10 442
26 517
15 189
26 693
19 217
44 58
9 248
2 512
35 43
33 63
10 583
14 195
33 240
13 100
14 27
1 491
34 631
11 374
3 164
29 121
35 607
38 321
38 55
36 351
19 383
12 219
18 126
1 253
35 404
33 5
16 230
32 44
20 411
35 236
50 550
49 692
28 454
41 602
14 552
39 334
43 81
18 551
13 291
42 652
13 253
12 632
19 684
26 145
2 115
45 590
35 237
21 217
49 496
34 473
28 326
20 514
32 7
31 682
36 258
42 301
38 429
20 157
12 336
25 265
28 450
34 699
41 447
10 456
9 281
26 273
4 306
23 298
22 606
12 391
22 355
34 55
22 283
45 1
40 235
26 117
20 17
19 506
12 296
40 58
31 31
1 338
46 244
25 302
18 7
46 671
40 43
10 660
48 306
37 301
34 662
45 154
41 556
27 400
20 588
4 678
44 106
2 379
40 455
38 41
1 205
34 537
2 312
6 52
39 678
14 468
7 79
26 203
23 191
36 280
49 606
15 536
26 649
25 314
36 655
49 404
28 3
48 350
6 17
29 258
1 232
12 315
38 16
30 141
48 355
4 609
14 20
32 524
38 93
50 231
23 263
50 9
1 256
13 480
42 183
17 623
28 299
40 511
25 665
23 270
1 679
40 550
41 34
48 151
36 157
44 462
22 668
24 685
34 618
14 553
11 51
39 696
4 248
5 232
16 463
1 626
25 297
24 428
23 557
8 408
11 395
33 681
16 215
17 501
17 2
10 360
3 17
27 27
20 551
12 448
31 75
16 426
28 639
47 162
28 142
36 479
37 494
48 548
35 213
10 266
7 410
38 272
13 497
11 161
45 458
15 606
15 586
26 275
46 211
16 365
24 168
14 192
31 648
43 183
38 349
34 129
6 608
33 86
8 353
4 49
35 462
33 683
38 168
15 405
22 586
34 495
34 272
21 240
33 368
19 571
25 442
6 494
49 133
6 594
45 309
5 264
8 77
25 258
20 18
28 640
4 191
12 537
16 109
45 27
14 43
31 238
48 661
22 436
13 456
11 100
19 243
47 201
9 422
36 187
32 25
45 90
26 420
38 514
22 520
35 542
41 27
40 189
16 493
17 592
28 36
12 413
24 558
21 602
36 452
23 39
12 436
40 282
7 340
8 417
50 61
44 327
37 380
45 113
30 138
25 160
38 345
50 518
47 203
24 199
4 167
10 436
35 562
4 39
19 588
17 97
25 118
9 609
4 277
18 18
30 284
46 260
29 441
36 170
38 523
34 400
33 233
33 364
46 60
18 653
35 279
31 647
43 18
30 609
34 511
20 341
24 533
13 585
47 667
4 332
8 233
31 195
29 223
48 427
3 660
46 334
20 238
42 673
8 640
20 76
44 226
49 625
45 320
1 200
21 167
45 346
10 216
11 478
25 437
7 637
24 511
1 5
4 431
22 635
47 682
43 465
18 624
39 626
12 22
34 542
42 111
48 84
9 285
45 317
22 501
34 217
49 545
47 230
37 364
13 130
20 167
34 103
29 687
43 643
14 204
22 462
23 485
15 49
28 184
16 12
21 656
23 624
12 347
50 210
28 649
27 271
10 587
3 370
36 632
6 534
33 136
3 368
35 342
38 562
22 8
8 98
28 305
39 96
19 566
33 468
24 440
1 124
44 675
20 194
17 656
30 238
25 415
8 48
44 669
1 495
13 554
37 494
47 171
8 422
9 250
38 507
36 227
44 445
2 473
38 378
34 568
33 673
7 85
36 651
23 535
32 59
25 244
29 275
38 478
48 167
32 139
14 133
20 674
18 587
24 233
1 102
47 545
26 514
43 495
22 332
1 366
23 131
1 352
5 272
9 464
31 407
28 66
41 650
37 42
33 374
25 457
23 253
15 660
6 609
18 306
31 144
32 16
9 571
40 559
44 504
27 226
39 525
22 526
37 240
47 654
10 638
44 523
38 447
43 635
11 139
14 55
5 501
2 652
17 614
39 94
37 76
22 496
36 17
38 233
48 72
2 272
33 484
11 64
22 167
50 550
41 560
13 70
29 498
9 649
22 53
33 508
32 199
21 314
21 194
23 158
16 334
34 77
7 33
6 533
18 278
41 699
20 578
41 86
17 519
10 469
5 577
12 632
14 309
25 60
8 682
26 539
47 158
22 257
32 403
21 354
49 149
47 431
32 399
47 45
16 261
39 5
31 652
22 219
49 382
34 23
46 185
25 411
22 607
42 371
22 242
6 370
33 210
36 41
50 637
1 460
20 194
33 408
37 283
6 138
37 655
44 515
48 569
24 120
17 453
3 579
18 319
32 71
36 668
9 686
39 603
13 341
27 473
8 652
30 27
45 344
27 506
18 117
29 167
1 485
36 326
23 664
23 157
1 108
40 216
7 253
46 351
26 143
16 501
50 78
18 670
26 74
32 680
47 663
31 205
12 414
29 414
46 194
2 139
4 457
33 420
11 536
29 36
29 529
38 315
47 675
1 272
8 614
2 686
44 328
17 9
46 430
41 19
50 314
15 20
17 422
7 134
45 369
6 72
40 647
29 10
50 229
18 221
10 434
32 43
20 495
31 567
39 74
35 323
1 683
31 426
16 437
45 253
12 667
12 190
1 86
41 109
24 3
3 656
13 89
27 113
33 677
16 421
47 281
34 552
38 164
13 394
34 595
9 165
6 315
25 474
38 516
49 601
1 399
31 479
40 591
7 179
4 699
40 576
29 651
37 141
7 281
17 451
12 359
33 562
50 498
26 405
22 325
2 92
5 138
49 150
40 320
11 399
49 43
37 308
9 121
49 688
31 678
45 272
19 634
5 681
12 77
14 510
7 457
39 609
41 100
10 385
44 215
13 609
8 86
30 3
23 627
40 619
14 39
33 405
46 612
42 529
2 342
46 102
26 602
9 137
16 660
41 24
48 147
48 288
6 53
40 33
45 583
14 139
14 72
27 60
31 529
30 632
21 628
20 70
42 361
42 570
43 595
46 153
35 178
49 39
10 641
45 576
50 231
26 217
33 407
24 620
39 666
50 91
2 239
48 147
29 237
33 590
11 117
25 388
8 677
38 133
42 651
21 531
17 650
16 292
34 525
1 172
50 215
42 661
4 471
26 414
47 402
15 695
25 586
48 603
23 698
22 543
29 209
21 524
30 313
40 128
24 348
33 290
49 642
36 657
49 660
24 11
22 29
8 611
8 55
10 606
45 314
18 280
35 253
19 408
47 535
18 493
36 332
19 646
44 671
8 318
9 385
13 643
26 577
39 556
10 299
4 614
34 172
1 339
9 419
27 250
10 688
38 177
39 262
3 77
23 181
2 352
50 14
35 112
26 230
33 154
13 428
41 122
11 139
16 163
15 59
31 387
27 173
22 451
28 140
28 480
14 646
48 462
44 123
26 253
17 148
21 64
8 475
2 612
41 510
32 15
9 241
26 156
27 439
27 541
3 32
15 604
43 573
35 332
7 276
37 150
48 570
26 255
21 375
30 38
30 617
40 682
15 417
27 313
21 650
7 349
2 215
32 144
20 668
9 494
9 275
3 606
10 182
45 305
12 48
2 547
25 183
28 151
12 195
20 157
18 11
42 616
30 388
2 252
32 553
50 94
35 673
38 694
9 203
40 41
13 166
9 583
7 280
42 83
42 133
41 488
6 530
34 30
35 149
37 151
19 255
5 278
22 398
41 345
29 5
15 690
2 46
42 618
49 256
6 254
28 653
14 409
10 358
49 668
12 197
2 661
43 305
24 478
27 364
3 575
43 447
14 296
9 383
5 349
25 212
24 508
45 454
6 570
50 508
21 126
28 434
1 60
27 264
18 113
12 190
43 684
49 682
4 673
44 168
34 412
34 43
45 309
18 265
2 259
3 419
28 147
37 205
3 617
48 556
4 580
1 343
39 253
30 402
24 364
47 353
31 34
8 4
35 114
38 355
15 9
17 256
18 504
43 122
38 72
25 284
17 294
4 403
18 576
27 586
30 141
20 190
44 515
2 335
12 543
28 336
40 120
2 355
45 588
14 84
30 102
30 338
15 384
25 620
39 173
37 669
38 263
15 94
49 112
49 305
33 196
39 300
5 246
14 91
39 258
4 641
7 321
8 456
49 143
35 456
16 142
44 161
47 253
43 241
37 534
4 647
31 492
44 238
7 142
46 575
48 522
17 358
43 419
25 390
45 449
41 108
38 659
35 685
27 147
47 249
15 365
9 684
38 141
14 407
34 26
1 208
27 274
39 446
2 388
12 21
19 190
50 593
18 201
45 550
49 606
32 473
8 591
28 54
5 586
12 279
44 355
37 630
21 423
44 314
47 188
35 517
20 201
18 231
23 694
5 364
18 637
7 503
19 31
49 350
28 156
29 523
24 76
17 424
17 214
6 8
20 611
20 223
37 547
47 367
12 6
26 188
44 264
33 250
47 289
13 471
3 184
39 128
33 232
9 630
23 476
31 545
6 574
38 99
39 39
35 519
4 199
36 442
4 300
5 458
34 565
6 349
22 26
47 263
36 561
2 266
36 445
15 609
15 410
22 207
21 592
16 89
21 469
42 247
7 244
7 483
12 17
22 245
10 540
45 81
42 128
37 447
22 94
35 341
15 330
43 233
45 137
46 523
28 664
32 233
16 664
39 696
11 697
27 18
13 451
48 378
30 208
15 295
47 601
14 335
9 438
24 147
25 401
45 130
6 533
1 494
13 246
23 275
19 600
7 86
37 206
21 89
40 634
23 529
30 438
42 660
31 462
14 294
22 218
3 202
6 97
40 301
22 222
9 601
24 689
15 552
7 23
43 329
29 593
9 488
14 349
45 165
29 469
23 354
33 490
34 578
27 185
25 656
46 158
34 464
38 630
35 380
18 290
30 19
17 439
31 46
28 535
11 116
4 589
46 557
1 506
37 423
10 272
43 318
37 57
32 167
43 548
14 593
31 3
15 483
12 199
16 198
8 315
8 57
23 220
47 525
18 595
43 248
50 535
6 312
17 120
48 53
42 356
18 492
7 595
35 493
19 418
29 21
5 689
10 203
2 365
35 29
19 151
26 437
47 598
17 269
39 89
40 56
17 457
25 614
40 257
32 241
23 271
19 258
4 14
7 164
32 305
1 651
48 686
42 607
1 370
47 495
7 634
16 680
14 369
32 536
10 26
22 671
7 10
19 223
33 295
49 670
40 281
28 195
10 377
27 426
9 215
15 24
31 453
50 692
6 560
8 164
32 645
10 408
19 401
37 388
30 350
17 547
33 287
28 420
45 7
5 319
24 325
6 297
19 348
5 210
28 473
27 250
39 638
44 388
21 434
4 386
46 225
32 401
44 260
2 544
46 98
20 457
24 657
34 543
44 566
34 32
2 39
50 163
34 9
45 273
26 467
20 187
49 358
2 152
17 538
8 276
31 475
12 30
49 664
10 262
5 493
31 318
17 545
35 469
24 50
30 689
6 86
50 679
12 320
16 28
23 101
7 61
1 59
28 640
47 355
50 52
46 552
18 699
23 518
34 124
36 219
3 482
5 468
20 433
42 418
5 14
17 466
7 293
30 73
31 34
41 647
24 598
9 34
3 545
35 452
36 679
46 126
38 554
2 673
14 243
25 453
45 393
34 636
49 585
2 593
30 25
6 610
5 68
17 517
9 122
22 278
7 590
1 257
41 323
6 69
14 51
5 254
46 278
37 523
12 221
31 150
12 195
8 89
12 602
38 62
6 571
6 57
26 72
44 389
8 296
32 35
22 81
3 528
48 130
43 485
24 440
20 625
42 392
31 669
7 6
1 186
1 261
21 377
33 48
42 623
45 318
23 636
5 457
39 109
6 321
17 154
1 272
47 392
25 276
32 92
14 340
5 500
21 557
40 650
23 651
27 490
45 248
26 513
12 617
19 246
19 592
4 408
42 594
7 99
45 149
32 445
29 427
19 593
8 31
12 367
48 397
20 616
3 480
6 294
31 448
27 554
42 171
12 662
45 77
5 138
21 60
29 128
12 481
42 303
34 557
37 228
19 474
37 114
28 232
12 237
28 131
17 458
9 621
13 542
32 215
15 406
30 19
49 416
17 201
27 68
9 287
27 606
9 56
5 580
34 425
3 275
41 197
4 144
16 561
19 586
21 687
42 589
20 560
44 370
15 416
22 408
29 530
27 138
37 309
42 256
2 642
24 256
22 511
13 648
42 31
1 24
24 295
50 188
18 690
9 132
35 32
43 484
39 341
50 124
25 533
6 488
41 167
11 671
23 349
30 410
7 500
10 444
31 188
5 374
44 447
8 577
40 342
44 638
8 555
30 190
16 349
13 438
1 607
28 639
40 209
44 223
11 612
38 193
33 595
2 604
34 509
38 396
43 173
35 673
32 368
25 405
37 468
12 84
47 529
27 18
43 226
31 538
20 629
34 507
29 188
16 18
44 169
7 685
9 85
20 497
35 498
24 265
16 420
35 196
46 621
7 411
46 228
10 247
35 463
36 370
29 402
45 602
34 182
46 15
45 110
4 40
17 189
12 132
23 99
38 384
14 419
48 85
46 142
37 557
7 581
5 74
17 627
28 424
40 72
34 333
45 603
7 101
14 695
23 123
33 542
12 454
41 533
17 122
32 49
6 12
37 35
36 590
22 594
44 391
45 592
32 222
2 695
17 567
40 315
2 234
22 645
22 153
17 58
22 516
23 406
49 547
32 642
18 469
33 38
40 661
10 24
16 142
37 387
20 522
9 80
50 230
27 157
33 30
40 385
32 311
40 107
9 370
41 204
48 495
13 32
6 69
3 132
47 364
24 134
5 618
36 326
6 270
48 330
28 372
7 522
11 358
13 199
24 397
47 608
38 206
17 269
36 425
10 95
9 216
13 660
43 75
35 326
12 567
17 293
1 374
25 623
41 554
36 209
11 377
4 633
4 223
13 304
35 120
3 649
27 148
25 84
21 369
16 316
24 594
12 114
43 517
20 356
17 95
7 59
49 16
1 245
44 399
15 243
32 684
6 640
24 472
43 269
11 198
8 129
1 687
46 567
47 234
45 43
11 559
24 238
9 577
24 497
8 63
34 165
47 318
34 16
25 565
14 166
33 305
2 268
21 467
46 519
15 611
22 58
33 366
8 73
6 619
25 381
13 300
6 249
6 84
20 343
24 366
29 101
13 491
46 272
43 677
8 497
11 257
31 520
17 324
42 101
45 627
2 599
40 381
29 129
16 252
37 131
40 54
11 195
43 133
7 405
45 61
49 232
31 15
22 678
41 661
11 538
35 522
4 45
32 140
37 442
29 458
31 40
50 97
43 400
6 7
27 650
44 523
43 559
3 566
33 564
25 208
11 473
14 616
27 133
8 8
36 216
8 146
12 672
2 538
46 553
32 39
5 345
18 105
34 421
26 596
36 9
7 198
42 453
40 117
38 250
18 76
37 427
21 380
20 10
1 453
41 458
32 120
46 26
44 293
13 191
1 117
44 35
41 654
38 570
17 141
48 168
31 428
19 596
34 235
10 227
3 648
14 9
7 329
39 677
46 294
49 382
41 524
37 599
5 520
35 122
50 349
31 110
1 337
37 276
49 368
9 57
29 57
44 612
38 676
2 643
30 152
50 633
27 251
32 453
34 256
34 222
21 543
1 17
16 107
15 185
43 672
38 338
9 58
47 192
20 423
2 174
40 441
15 494
17 305
24 93
34 698
22 5
47 255
10 220
4 503
2 2
25 616
40 420
46 68
19 342
3 327
47 294
6 535
37 336
37 141
29 622
1 575
25 655
40 392
50 177
49 511
34 207
12 146
47 492
5 647
12 423
24 321
41 288
36 90
9 285
4 209
15 522
22 198
2 393
34 173
1 272
29 378
33 565
29 85
6 667
12 555
43 185
24 491
27 66
22 223
9 439
10 629
4 197
48 83
13 474
13 499
17 523
47 242
43 258
47 130
31 135
10 318
49 285
46 208
33 687
46 220
11 351
10 290
39 268
28 423
23 310
24 617
41 75
2 264
10 29
9 549
41 671
9 336
29 390
36 194
21 399
32 677
16 290
22 640
31 637
23 293
49 184
48 698
37 59
17 268
39 18
37 170
21 234
5 178
50 395
46 519
1 179
30 695
18 473
42 229
20 125
39 471
45 237
35 623
23 228
16 308
21 149
6 157
48 159
11 247
18 37
31 44
29 599
44 312
30 666
5 549
19 542
30 617
36 496
24 541
18 645
49 658
48 54
15 414
6 533
6 600
18 10
30 499
3 446
50 98
50 282
48 571
25 213
21 130
32 486
15 644
44 404
34 81
18 369
24 651
3 198
40 413
14 237
17 410
11 513
31 650
29 208
7 563
33 62
46 162
42 615
25 209
40 594
24 125
31 626
26 332
11 548
24 179
9 476
29 470
21 27
3 323
30 477
49 59
50 221
46 143
44 582
20 48
9 657
30 476
49 393
6 121
26 414
47 573
13 686
23 499
36 504
47 669
25 698
1 561
34 349
47 660
34 574
30 392
35 46
50 458
16 422
17 174
8 316
13 180
30 606
13 6
15 662
4 55
42 63
20 497
26 652
41 546
6 218
34 75
37 692
35 24
22 628
43 38
31 119
45 505
48 249
22 295
46 681
29 294
15 678
18 240
35 166
45 490
14 514
4 367
44 65
14 488
36 261
3 84
14 700
25 499
39 219
3 495
20 563
30 168
44 24
45 483
26 9
19 526
33 60
5 212
38 196
31 163
49 465
10 221
24 320
1 139
14 352
47 349
19 416
5 554
1 144
34 153
48 605
40 544
36 523
49 437
33 346
21 237
4 487
2 285
48 345
10 617
3 10
17 629
5 82
46 106
13 185
18 220
26 443
40 268
24 426
39 248
13 549
9 411
39 483
27 534
17 599
36 412
44 440
37 328
26 211
39 345
11 478
24 2
14 231
7 191
31 678
13 538
30 184
8 589
37 517
6 453
20 671
47 413
49 38
24 5
1 280
12 369
2 435
24 117
49 118
38 462
26 435
48 136
27 56
16 224
39 537
23 406
48 586
21 265
23 397
36 386
12 119
34 205
28 149
47 605
26 389
32 404
23 685
9 301
22 568
25 116
11 537
45 402
22 456
12 260
50 652
32 681
28 590
26 68
28 699
3 591
27 202
49 195
44 357
49 131
34 480
2 7
4 129
49 19
30 354
41 330
33 166
20 355
25 22
8 194
29 529
8 315
2 473
32 313
30 311
18 246
21 31
5 382
5 545
38 444
50 4
4 580
49 564
37 107
34 545
38 185
49 95
33 478
28 323
33 210
44 401
8 450
14 125
41 247
40 35
30 335
37 52
21 685
33 527
1 90
44 583
11 682
1 577
37 186
39 522
27 65
49 182
29 198
10 332
22 261
15 506
36 563
42 699
31 406
42 293
27 165
42 551
34 168
25 515
50 508
10 590
18 549
7 306
46 93
12 521
18 585
21 483
34 345
2 66
31 80
22 48
46 293
22 88
16 686
48 408
36 179
10 67
21 349
47 346
11 388
41 384
46 85
7 40
11 24
44 24
25 577
45 598
35 105
29 552
3 490
27 158
43 692
45 1
1 354
39 165
24 24
45 276
4 650
32 325
23 476
18 582
30 593
26 672
4 535
18 382
27 332
29 312
4 281
46 57
26 435
18 699
27 229
40 123
29 375
38 62
39 14
27 252
14 14
13 39
49 282
19 532
5 325
27 264
11 151
46 565
39 91
48 149
27 528
42 697
41 427
2 547
15 222
45 242
50 345
45 142
34 174
5 466
45 493
7 494
20 567
2 275
31 56
29 280
1 451
12 32
31 196
36 120
37 470
24 199
2 29
33 444
31 675
38 122
36 372
5 259
28 180
33 350
40 580
3 362
12 489
22 369
50 271
32 430
50 351
3 170
20 353
44 271
11 219
18 39
16 283
12 316
4 349
33 171
38 596
5 472
16 656
17 13
36 214
15 279
9 253
48 575
17 473
4 85
17 105
3 41
38 495
32 23
6 606
26 186
5 416
5 331
48 486
25 646
42 677
6 144
21 321
44 426
37 688
32 438
32 210
2 304
30 487
3 597
24 22
14 461
15 300
32 620
50 596
28 433
43 296
20 269
2 545
13 265
27 384
21 488
27 376
23 130
18 162
18 615
39 166
15 151
27 366
25 295
11 430
18 446
16 580
17 9
3 578
35 166
44 91
31 22
4 231
49 668
40 320
27 652
15 21
28 445
10 399
49 256
18 656
44 692
5 339
26 681
41 119
38 562
25 208
7 641
11 57
36 329
27 545
9 404
44 484
28 559
38 69
17 606
31 297
34 16
38 96
26 35
41 515
42 656
3 367
32 568
24 11
25 307
12 102
39 663
29 233
21 108
7 9
46 647
43 295
19 435
43 305
3 644
36 88
21 24
10 623
5 195
22 75
29 609
17 572
16 157
28 495
39 254
31 539
47 156
15 567
37 588
13 427
25 138
41 249
48 236
38 654
34 499
31 441
6 279
3 470
29 159
16 473
37 646
46 509
41 476
14 236
17 164
33 495
6 421
18 355
2 512
17 282
29 394
34 599
20 487
32 412
20 117
24 528
22 390
3 93
47 659
48 587
30 140
24 18
14 462
23 644
18 32
26 280
28 425
35 651
42 234
6 486
1 624
16 7
15 342
32 697
14 175
36 671
10 699
50 80
17 168
41 105
32 416
3 42
20 663
46 205
42 643
27 462
24 395
2 203
47 543
38 17
6 444
17 54
12 624
30 140
16 550
28 10
39 505
42 427
42 224
29 377
44 210
48 638
14 223
21 236
21 136
45 425
15 127
17 195
7 650
46 68
4 207
37 265
27 39
7 211
34 374
39 665
4 10
1 97
2 245
34 61
14 226
16 545
48 189
8 197
39 383
20 572
47 393
32 177
47 174
5 564
38 250
44 697
39 274
19 148
28 476
5 285
43 509
49 569
44 100
6 395
22 258
27 57
4 579
35 28
14 463
9 296
9 159
18 195
5 285
50 681
6 579
21 633
48 184
28 24
46 566
27 441
15 225
29 233
16 306
4 194
36 518
26 470
47 573
23 483
30 608
28 453
40 300
50 483
42 262
46 397
43 628
45 312
7 591
22 475
14 119
4 137
37 111
2 636
21 431
31 213
5 615
13 460
29 303
46 188
7 467
27 75
22 240
40 444
4 211
8 80
48 379
9 691
46 627
29 348
46 660
12 377
30 71
32 583
18 531
29 496
30 18
15 403
14 344
49 334
18 477
8 107
7 69
13 435
34 257
25 340
45 354
11 295
36 307
50 397
14 267
39 27
46 402
34 546
4 176
7 63
19 470
8 306
10 211
40 385
7 533
43 669
28 611
38 197
34 19
42 307
18 592
25 527
34 316
48 380
13 158
41 316
22 164
17 496
8 99
41 59
39 162
42 306
39 416
15 639
41 209
34 196
9 273
22 328
38 375
50 330
30 324
27 693
32 152
40 55
31 456
32 84
43 293
7 216
16 505
40 121
35 77
45 564
15 650
15 358
8 76
35 68
9 460
15 527
41 556
47 598
47 370
9 299
30 492
26 632
42 494
10 401
13 18
18 292
38 123
29 177
6 9
39 89
3 190
27 366
10 410
36 28
12 513
46 218
47 632
21 216
48 642
41 507
24 673
1 201
30 479
5 281
30 103
21 237
4 350
18 140
47 128
42 452
38 477
22 345
24 648
23 195
37 172
46 563
16 12
47 444
15 532
35 646
29 434
33 320
32 493
45 49
16 559
43 462
22 174
20 194
31 552
26 610
35 21
28 522
34 622
29 620
7 472
10 621
3 439
28 64
40 84
32 532
2 368
17 353
23 301
42 341
7 390
25 379
13 545
35 413
3 615
44 389
3 185
25 585
9 247
10 248
13 214
22 290
36 638
47 452
14 362
50 558
24 9
14 564
12 537
40 394
28 528
4 548
8 13
47 226
19 495
17 138
34 22
25 155
10 269
31 552
46 529
12 250
41 23
12 82
46 588
50 105
36 124
12 238
6 515
20 440
13 19
46 245
34 64
14 602
50 220
10 369
19 626
34 445
5 565
37 393
2 539
37 174
48 255
35 574
2 666
16 259
3 640
5 73
36 635
33 209
26 634
33 377
17 653
6 561
21 70
6 335
46 46
12 195
42 386
50 677
23 237
24 275
13 594
44 28
29 646
1 304
43 58
8 486
45 5
23 319
14 447
29 644
44 424
34 149
14 296
25 52
42 13
36 627
27 473
34 131
28 619
1 203
10 368
49 572
20 561
4 296
15 575
43 464
45 662
27 541
33 566
39 94
18 654
38 179
26 549
26 625
37 312
23 444
23 76
26 661
24 306
43 364
13 560
39 173
35 317
1 364
19 245
7 193
21 463
13 248
10 349
24 308
26 553
50 624
26 107
23 645
19 396
3 166
38 676
10 325
45 413
33 531
39 101
38 571
34 243
4 167
41 384
6 82
18 657
10 83
47 294
35 503
1 359
42 338
31 297
41 573
42 488
20 357
21 525
23 505
37 391
7 293
5 677
30 164
47 15
25 390
28 649
23 322
11 2
22 338
4 680
18 699
25 511
13 353
23 233
40 611
25 169
1 154
17 464
39 80
48 443
44 651
36 104
13 396
19 264
49 584
43 51
42 461
34 212
13 391
28 240
28 286
46 622
29 652
29 426
14 570
49 15
13 661
25 698
31 392
36 45
28 440
33 616
42 516
43 149
7 212
3 109
8 134
50 140
21 409
50 532
23 633
7 171
41 140
43 223
21 251
8 173
36 552
12 246
2 106
1 573
30 670
50 641
17 189
6 657
47 346
37 668
34 125
9 492
7 81
13 680
41 558
41 199
46 620
33 63
24 149
30 432
30 30
7 152
46 269
47 362
45 203
38 542
21 341
37 642
15 448
42 270
21 590
32 260
4 131
32 581
13 331
34 441
16 473
2 64
43 635
43 481
13 4
25 446
13 130
13 338
18 425
40 655
22 645
13 302
23 219
16 121
7 241
19 207
1 453
14 492
8 286
8 241
12 105
36 65
4 421
6 92
20 266
22 374
13 571
19 361
45 74
25 49
41 584
44 513
4 15
40 161
14 109
17 50
26 488
14 118
8 637
3 365
28 440
1 625
48 200
36 575
50 434
25 97
17 51
7 457
15 201
44 536
3 450
2 170
13 637
7 565
25 175
36 140
12 105
27 201
19 432
4 454
31 423
23 612
6 196
8 584
31 129
46 699
10 680
4 19
13 686
14 494
3 101
23 533
17 417
2 670
49 36
21 662
36 103
37 243
44 622
39 653
5 526
18 73
22 454
2 393
2 372
49 386
23 225
31 334
30 562
7 176
25 10
48 622
35 588
5 447
39 477
16 606
3 597
5 56
29 661
10 171
7 74
11 492
13 156
33 557
25 59
42 160
6 78
14 539
37 79
34 432
49 134
49 397
46 548
11 678
1 485
25 295
14 679
45 310
1 40
49 194
10 430
9 351
18 160
14 607
11 369
40 519
16 81
43 37
19 601
20 110
44 524
20 462
16 274
31 507
30 615
26 74
22 382
33 1
7 520
43 677
48 378
26 614
49 226
1 572
48 574
36 122
15 265
37 283
6 512
37 249
46 509
48 111
23 555
33 321
23 284
44 698
38 499
14 348
37 436
27 299
7 63
30 163
10 241
30 108
37 47
7 143
29 172
3 694
40 171
9 228
44 400
27 442
15 353
46 119
4 223
42 644
44 632
8 381
41 109
24 271
28 538
5 224
18 476
5 12
43 377
43 10
26 15
18 564
47 484
36 265
20 278
35 234
4 310
35 373
34 131
3 74
40 362
20 430
22 326
3 108
39 352
13 461
38 419
40 489
20 406
19 456
42 88
49 8
34 668
34 546
1 600
48 106
24 332
30 52
44 376
26 428
25 112
19 618
34 181
44 637
46 462
35 533
34 321
14 410
13 495
42 677
37 119
19 395
4 57
13 207
43 119
20 301
23 90
25 117
15 581
24 372
6 44
6 517
45 651
19 300
6 306
16 43
31 347
30 466
20 72
24 66
27 111
7 35
2 543
48 343
11 57
26 453
25 68
29 267
10 572
7 210
19 451
48 419
4 465
39 368
8 76
48 695
30 221
16 568
50 489
35 111
21 136
8 181
13 219
46 311
24 252
12 199
49 513
4 175
43 155
48 172
25 597
2 673
18 652
50 428
50 137
42 553
14 625
42 230
46 633
28 100
1 545
6 135
40 505
28 70
35 518
16 618
43 46
33 146
30 470
4 433
27 689
49 191
32 113
22 694
41 467
19 471
12 56
16 478
39 365
11 682
35 225
20 674
35 316
25 673
25 549
6 483
1 523
3 13
30 212
5 605
14 317
16 395
22 575
28 24
5 85
21 562
46 172
28 460
41 150
2 588
28 444
20 209
16 676
49 572
47 638
18 379
42 177
21 300
22 396
40 365
34 126
49 152
1 552
38 63
5 60
36 460
2 168
1 195
20 302
7 178
49 385
44 358
21 624
50 636
24 55
24 103
36 596
14 413
18 10
16 153
11 675
50 321
3 358
30 153
1 595
50 573
35 236
39 607
13 578
22 179
22 537
29 292
6 29
44 191
26 277
49 683
44 643
33 304
16 347
5 567
7 664
39 676
40 590
17 150
15 312
18 358
36 135
3 264
19 350
33 68
13 170
35 289
48 210
29 536
6 533
9 456
18 678
38 455
45 209
48 62
43 513
31 389
30 632
21 564
1 13
12 451
20 25
40 258
7 434
44 667
10 590
37 463
12 275
22 117
17 513
42 548
42 643
8 293
37 638
40 504
31 441
42 240
8 607
4 201
13 606
25 89
9 82
44 42
37 345
45 385
16 608
11 629
4 624
19 496
8 497
9 231
11 329
37 432
6 490
29 183
12 416
26 564
18 221
19 338
33 515
21 305
40 612
1 569
49 383
9 665
25 10
4 273
16 556
26 291
12 639
50 558
40 116
11 511
8 183
11 53
44 282
6 653
36 284
44 697
47 355
5 366
34 353
10 75
4 125
6 126
28 522
40 444
31 574
42 226
18 24
12 345
25 104
27 175
8 137
32 70
28 296
38 108
37 230
28 307
14 44
28 335
8 413
17 658
28 606
48 39
20 445
31 587
12 240
48 518
19 526
21 639
37 215
13 22
40 464
17 118
49 563
11 544
4 380
20 680
10 105
24 131
38 17
36 627
30 280
22 585
1 203
11 360
28 540
44 214
45 427
33 172
9 408
42 440
43 147
19 515
42 17
6 550
39 508
46 602
35 145
49 694
22 117
39 420
48 571
26 626
9 219
28 11
32 616
10 595
31 123
32 229
27 95
13 183
5 350
23 222
44 261
48 202
30 514
31 323
19 429
35 289
25 330
40 334
4 189
48 280
26 663
16 104
7 375
18 246
20 209
1 543
32 372
37 17
8 556
20 402
40 325
48 217
40 549
45 656
25 39
11 597
7 332
21 612
42 302
24 351
16 105
38 329
26 656
20 106
6 206
11 612
44 583
7 539
26 612
7 271
7 24
17 430
9 673
50 175
18 243
25 514
31 195
20 211
8 567
4 505
36 365
2 572
46 76
3 36
4 484
25 350
39 511
40 530
15 616
33 695
35 197
48 642
2 672
14 643
2 256
1 582
34 6
13 78
25 247
28 192
44 378
14 212
16 91
42 609
20 561
37 426
25 554
42 442
25 213
20 398
27 606
14 341
21 28
38 36
12 97
32 242
47 334
7 185
5 581
33 320
30 222
39 486
50 71
35 24
37 14
32 215
30 439
25 50
17 245
6 435
36 64
14 534
43 374
10 77
29 381
14 150
17 78
9 536
37 611
1 685
28 154
11 612
35 436
49 286
21 452
17 558
27 13
36 164
39 115
5 88
6 699
46 442
49 407
1 610
26 148
37 599
29 501
40 462
3 483
2 330
43 391
40 331
30 160
11 588
31 159
40 531
6 689
33 363
39 519
19 656
30 661
19 576
7 577
40 565
42 285
45 493
20 549
45 417
46 477
48 671
25 146
22 129
9 227
36 165
48 355
39 138
28 472
40 80
2 401
35 301
35 293
3 252
36 378
31 54
32 525
29 314
18 85
48 3
41 527
35 580
10 451
43 603
2 97
41 648
28 100
14 558
38 81
10 196
13 181
9 126
33 210
44 343
40 338
41 414
1 621
40 442
19 159
14 589
42 469
25 216
22 346
5 612
17 328
2 528
48 262
11 320
38 126
14 241
47 34
19 208
40 611
2 416
18 119
8 110
25 633
13 488
3 81
4 102
47 356
16 147
32 595
1 325
48 694
21 243
19 255
47 207
28 138
5 65
41 38
3 372
33 307
18 79
16 693
34 76
6 499
16 617
45 102
8 135
48 611
23 276
43 84
24 507
1 653
2 372
6 176
11 322
12 149
27 98
2 293
41 269
50 460
5 579
6 100
26 337
6 600
23 408
5 334
41 311
44 383
39 250
17 262
38 94
31 342
1 123
1 654
2 601
33 171
35 452
8 257
24 325
46 519
20 424
25 192
7 575
28 429
34 556
24 362
8 565
12 661
37 597
25 391
33 59
30 445
2 216
46 366
11 10
35 461
11 677
33 447
44 261
45 282
31 88
49 556
19 297
33 21
5 652
21 197
43 458
31 70
21 650
29 434
2 492
1 585
23 301
3 51
24 489
44 368
15 120
5 388
13 6
39 107
23 665
45 536
11 659
24 397
50 459
16 605
5 556
31 260
14 30
36 643
13 18
32 222
20 79
12 699
23 657
47 110
19 526
47 135
45 601
23 148
40 139
19 108
18 212
41 345
39 142
5 673
10 15
20 686
3 621
4 80
48 112
34 692
43 628
11 579
6 185
50 413
6 394
47 503
33 682
48 172
20 407
25 686
9 37
42 334
43 309
9 653
37 609
11 653
45 616
41 281
24 223
23 660
34 420
3 420
33 228
45 90
38 369
19 313
41 167
12 375
8 683
30 605
3 121
18 675
31 479
1 353
35 120
24 195
5 50
37 265
48 317
38 87
6 424
35 246
31 89
6 671
46 343
16 122
1 249
17 267
32 669
37 74
12 156
2 682
39 447
11 32
35 603
39 655
8 686
47 377
48 65
2 519
41 207
28 577
37 692
8 18
43 639
9 105
20 440
17 276
44 501
30 572
43 568
6 282
25 418
13 485
11 547
18 550
27 419
17 129
3 334
15 343
30 484
44 436
23 404
48 149
3 272
39 81
44 330
23 311
24 679
45 369
49 229
26 156
2 409
2 425
39 459
27 563
9 682
34 696
5 340
22 372
15 115
2 506
47 647
49 90
21 651
17 356
4 89
40 186
12 501
11 263
6 602
40 531
11 644
45 506
39 12
45 348
38 581
20 259
20 556
2 458
47 478
22 283
8 298
50 284
43 3
47 407
5 52
11 395
50 205
22 384
37 141
25 436
10 52
9 122
30 688
36 91
29 631
44 438
46 302
9 68
20 277
16 176
45 16
49 113
48 648
45 323
2 598
34 381
29 63
44 8
18 513
12 484
24 191
27 581
45 333
49 56
17 14
20 106
20 448
20 420
34 685
14 158
15 493
24 675
28 263
11 342
42 468
30 624
41 49
9 371
9 189
15 17
30 190
40 484
41 646
46 458
20 338
2 16
38 553
39 210
47 387
2 473
23 434
37 170
18 16
2 636
11 305
7 33
5 361
12 695
6 395
3 450
21 554
47 129
15 263
30 469
11 586
3 266
1 516
11 123
1 463
36 203
31 347
5 364
28 612
42 691
44 494
18 109
15 102
4 583
42 353
42 453
48 612
40 521
31 147
27 375
25 477
42 615
37 577
29 114
25 479
32 439
13 313
39 48
4 10
28 112
23 405
33 104
34 694
15 517
47 661
25 127
32 188
14 204
4 307
3 123
43 113
40 562
50 414
49 455
45 461
20 64
29 526
19 366
26 140
4 513
18 17
12 503
23 268
23 267
22 596
17 212
28 230
29 690
14 165
6 359
18 522
27 601
2 558
48 254
16 103
29 27
25 236
40 159
41 392
27 603
10 333
20 681
50 144
9 420
6 106
23 401
50 360
44 159
43 377
24 686
13 344
11 179
42 158
3 445
50 350
28 260
2 212
26 667
16 621
27 130
18 490
23 97
18 571
39 410
40 14
27 587
18 547
44 476
5 606
24 365
18 675
8 640
16 504
37 656
19 155
15 632
37 275
34 147
17 33
14 492
9 677
44 324
10 71
39 252
7 616
1 197
7 216
37 57
48 295
8 578
30 618
45 698
4 515
24 486
12 637
43 448
31 22
15 411
15 89
3 370
14 281
19 376
13 43
1 183
43 548
6 633
7 48
23 623
36 677
22 552
15 119
31 268
2 272
40 460
11 343
34 330
37 151
39 408
18 357
5 658
32 391
36 154
17 520
26 139
37 37
37 670
17 210
10 583
16 526
32 78
21 16
24 571
17 319
35 613
20 345
32 427
20 154
19 233
28 693
49 420
40 358
11 149
20 324
20 15
43 593
33 465
42 77
4 342
17 584
34 300
46 398
34 592
11 529
41 420
50 326
50 277
32 461
43 291
27 619
35 518
47 552
46 662
50 95
43 98
25 145
38 471
24 683
17 118
29 233
34 229
30 20
42 459
47 18
44 630
46 147
5 51
27 611
6 656
24 155
40 197
22 191
9 69
14 487
32 143
11 399
36 143
38 273
28 298
20 329
28 284
46 494
11 173
11 611
14 623
3 111
10 416
5 589
2 64
44 539
22 620
28 17
45 349
28 76
34 573
7 220
14 278
11 213
7 614
49 613
10 433
28 159
38 698
10 122
33 259
6 394
14 362
14 516
2 383
1 172
17 113
41 698
6 77
16 148
29 308
18 382
14 376
25 409
1 251
38 301
40 603
6 203
49 459
20 638
29 251
8 259
48 412
42 72
16 371
2 572
29 204
36 70
13 289
13 189
39 492
9 539
27 58
36 403
41 19
46 163
26 94
38 30
38 668
13 700
39 231
11 220
7 154
24 607
49 112
28 625
40 193
30 599
3 542
4 307
38 337
32 14
10 583
21 144
49 436
45 63
10 345
7 373
42 87
39 476
18 510
48 539
42 207
31 274
48 274
33 507
33 65
49 297
13 665
28 326
19 307
44 130
49 577
15 94
28 469
9 116
26 601
1 402
36 491
36 456
34 406
39 47
10 312
20 44
25 109
39 409
26 301
29 42
21 15
17 589
47 172
18 97
39 452
13 360
32 538
2 171
19 329
48 322
38 684
4 77
44 218
14 677
28 471
50 598
32 381
14 669
13 468
2 446
30 626
3 196
45 348
18 468
35 469
31 289
28 230
5 100
16 655
6 190
1 68
23 680
21 351
39 63
3 420
17 539
17 179
13 111
8 84
21 668
50 524
8 30
6 417
21 200
48 530
42 500
4 241
49 512
13 17
19 135
34 414
40 618
37 145
11 45
18 295
33 517
3 11
27 534
15 56
41 428
46 606
36 275
21 287
4 530
49 14
41 428
22 149
29 587
50 360
16 386
24 538
41 416
8 141
27 570
49 552
7 230
2 595
39 202
11 519
31 298
39 323
8 234
17 543
21 165
41 405
34 527
36 89
35 169
8 97
33 217
18 415
6 252
9 55
28 521
31 498
41 645
44 570
29 183
8 328
50 581
22 576
7 93
37 298
36 590
23 330
22 693
21 358
40 520
32 164
34 356
5 255
46 59
48 20
22 473
14 246
17 71
18 557
28 573
41 685
32 10
26 424
3 150
9 424
31 638
39 612
32 690
16 651
2 185
2 68
27 411
39 194
1 674
3 45
33 619
31 561
4 560
16 632
37 355
21 436
45 94
43 325
42 558
34 499
22 625
43 344
9 124
44 69
41 273
14 369
18 526
50 310
44 582
11 584
36 562
16 674
19 162
1 199
25 343
25 287
7 242
39 330
49 565
3 580
31 93
24 498
19 250
42 329
45 567
15 311
13 595
50 298
3 150
35 394
42 354
29 264
41 523
49 73
34 596
11 76
2 598
40 631
21 130
23 396
13 642
32 663
28 662
14 13
26 219
3 662
33 91
11 318
40 117
4 347
32 601
19 61
13 122
31 102
43 89
2 663
24 661
38 452
9 59
11 623
45 409
50 278
32 451
8 484
22 569
14 380
1 214
16 412
48 307
30 130
35 213
41 465
39 224
11 124
4 334
40 27
12 632
31 483
47 168
15 503
25 255
32 641
29 670
19 563
48 8
14 598
15 176
25 58
44 526
11 403
21 677
32 470
32 511
46 136
38 160
2 451
20 164
13 81
30 189
11 139
12 108
36 657
19 690
23 652
23 176
31 646
27 296
29 638
9 468
24 325
43 171
22 544
11 653
23 162
17 208
40 386
27 275
9 152
46 682
40 494
27 592
17 447
1 90
26 149
16 544
26 466
42 597
43 530
14 525
3 654
13 510
41 254
3 685
22 58
7 544
20 124
36 145
22 34
2 131
30 262
21 596
26 40
12 164
9 69
27 608
47 236
33 404
41 597
31 23
8 662
5 356
34 477
44 69
25 643
8 5
26 19
1 142
44 290
21 660
44 273
41 241
17 87
32 42
11 575
27 696
39 331
15 239
12 690
30 268
13 641
46 217
1 54
34 194
33 93
9 316
27 19
50 467
17 387
11 691
30 158
5 667
25 209
8 202
17 402
49 328
36 256
8 59
44 518
36 480
24 686
48 460
40 550
3 203
14 98
1 318
23 176
43 154
33 26
34 164
7 667
40 204
11 253
33 664
35 541
9 451
31 26
24 634
21 46
14 214
29 21
44 95
46 478
35 463
8 393
50 308
26 440
27 392
10 88
33 176
2 680
16 257
47 536
40 623
48 292
31 588
9 556
33 243
29 459
26 29
35 456
8 265
14 304
20 48
7 481
22 526
10 191
1 290
49 568
9 8
3 561
2 455
49 630
10 186
6 575
24 141
17 518
18 484
31 440
4 415
21 557
29 128
18 25
22 602
4 539
39 489
21 510
25 136
11 344
31 310
15 597
10 14
50 237
26 381
25 273
10 619
1 488
31 669
49 683
16 413
34 386
8 349
18 40
45 239
30 682
18 99
38 121
24 636
16 649
50 497
36 559
4 32
13 476
27 356
1 102
27 254
23 328
40 460
34 18
1 247
38 397
29 641
15 440
50 226
17 68
23 316
7 510
27 98
13 274
16 289
30 278
48 148
12 695
28 101
19 108
49 377
40 175
30 144
29 436
13 157
22 407
45 152
1 60
47 545
12 639
45 85
25 197
5 435
3 391
44 321
28 29
24 360
23 44
45 16
5 503
48 5
3 271
42 56
1 645
19 117
9 120
28 372
30 158
32 227
25 226
40 631
21 426
44 44
36 342
32 587
15 180
46 560
35 330
7 693
15 464
4 590
18 647
8 140
41 52
33 659
3 628
26 86
7 600
21 137
9 607
9 557
25 257
2 46
28 601
22 231
29 679
32 491
22 53
39 158
27 16
10 336
3 94
19 575
42 622
7 270
28 586
1 696
48 39
34 164
37 624
31 264
7 21
5 452
34 465
7 138
3 478
2 187
4 512
11 369
14 200
50 264
23 497
27 16
49 427
1 133
5 208
10 417
2 451
41 638
18 180
20 137
42 557
22 170
46 155
41 367
8 49
24 407
45 420
30 614
14 641
37 578
6 209
20 521
5 439
50 102
22 639
28 298
18 563
12 170
47 239
5 19
28 289
14 420
14 25
31 276
26 617
40 6
39 382
46 370
35 362
39 578
7 656
41 573
45 273
5 49
39 647
48 273
47 264
11 22
44 57
14 336
43 216
14 223
43 336
47 543
10 652
25 639
4 137
5 232
19 72
32 113
42 5
1 304
39 587
14 603
49 297
2 628
32 583
32 492
46 256
30 223
5 264
32 247
24 267
45 331
41 509
26 557
11 419
14 452
10 577
46 231
18 152
50 82
41 348
19 517
43 690
6 121
8 156
41 693
16 423
18 490
44 84
46 60
27 641
6 233
15 247
14 192
14 151
16 151
17 356
9 377
8 450
24 691
33 446
48 559
25 197
44 6
3 479
28 335
3 554
46 644
24 263
41 38
9 375
39 554
15 527
36 516
2 201
40 101
32 11
7 312
10 200
29 295
37 315
21 522
47 670
13 651
45 175
41 86
48 31
48 486
31 136
42 76
31 514
50 583
41 350
39 300
31 358
27 247
9 324
7 560
33 660
41 599
38 16
11 571
50 26
40 152
14 122
48 591
49 514
50 326
28 175
12 683
13 76
4 55
2 437
5 426
8 16
28 33
37 11
50 566
3 194
25 140
3 481
22 177
9 396
27 55
46 51
48 669
4 680
14 599
44 365
3 566
50 319
11 310
38 214
10 668
5 308
25 125
29 193
18 627
43 262
43 8
10 338
15 270
49 648
17 319
32 131
7 59
29 39
15 185
27 409
38 247
19 513
10 266
45 167
48 110
28 21
4 160
25 486
23 212
11 316
27 242
25 372
12 262
21 561
47 541
50 358
11 40
43 333
10 580
9 449
11 402
11 156
34 680
49 291
10 574
8 40
43 175
38 515
5 624
37 461
13 34
19 153
40 135
18 202
14 586
15 42
15 608
23 22
36 504
5 274
7 201
7 598
22 87
33 411
49 105
5 569
37 549
9 347
9 467
9 292
44 255
46 622
25 229
23 261
24 624
8 16
44 666
26 288
44 593
5 10
30 373
18 126
22 263
17 253
8 178
27 508
42 184
22 432
47 236
37 164
48 668
16 390
45 490
34 668
21 402
12 454
16 459
47 480
47 519
25 459
4 462
2 639
13 219
27 106
39 158
17 427
32 74
25 587
37 392
9 204
44 36
9 616
10 462
8 411
46 177
45 210
38 254
21 633
10 312
18 44
22 607
20 471
38 517
36 502
48 316
42 95
41 261
19 413
25 460
12 36
25 417
40 597
16 465
27 583
34 193
18 616
16 3
21 227
40 276
26 191
41 690
29 689
32 614
11 404
26 237
20 149
3 544
41 342
49 569
9 62
11 503
37 24
42 26
1 301
5 269
27 237
13 399
23 492
17 220
20 616
34 631
32 174
47 24
22 678
3 541
10 269
16 144
17 666
16 519
10 148
16 193
16 313
36 638
38 674
33 266
6 270
11 471
46 638
2 514
11 135
45 322
36 95
42 650
1 617
24 82
42 278
20 522
15 609
8 27
3 92
27 98
1 80
50 684
45 403
15 217
1 501
8 440
18 234
6 551
48 208
8 334
14 38
9 577
26 209
50 430
45 480
45 13
46 531
2 396
5 470
44 124
43 485
18 495
27 298
4 493
31 18
48 359
31 272
44 397
35 371
17 125
3 186
33 499
50 290
14 697
15 228
50 638
13 79
32 381
26 653
36 595
22 584
24 513
11 340
5 270
14 411
48 592
8 580
25 619
33 509
48 232
29 177
36 2
49 469
13 561
25 404
6 517
8 454
45 564
33 424
12 281
49 379
6 46
5 531
43 515
50 581
43 697
50 107
29 465
50 3
20 194
36 160
13 506
20 551
3 260
14 74
1 414
4 525
48 199
19 164
5 330
6 538
44 227
42 230
26 57
27 409
13 325
41 583
47 188
48 523
43 407
18 588
11 215
5 620
42 551
43 346
39 435
44 351
13 222
41 539
44 493
23 38
47 571
39 351
28 79
46 652
40 689
32 457
16 91
43 158
49 379
24 513
50 92
47 57
25 440
35 456
50 102
48 57
26 58
31 533
14 233
47 486
27 201
6 5
13 552
14 632
46 533
34 277
25 677
32 545
27 5
44 55
12 356
9 610
10 590
49 695
1 335
32 473
33 12
44 623
11 6
20 73
10 195
47 134
13 683
9 674
48 506
33 600
28 14
39 598
32 175
35 393
36 97
12 255
8 189
44 527
23 457
38 452
1 524
26 212
28 689
29 285
39 123
20 449
50 140
15 75
31 409
13 448
50 160
6 39
42 179
36 227
16 433
8 532
32 680
13 168
42 84
43 50
46 145
13 314
48 613
41 310
44 19
25 577
31 550
8 378
23 211
19 504
2 416
49 681
5 93
21 348
43 180
26 450
8 90
23 474
16 228
39 49
6 182
26 111
15 490
3 191
32 342
40 108
4 63
44 346
24 153
18 606
31 167
1 210
28 107
38 102
48 192
31 126
14 661
1 18
31 487
48 189
19 355
24 131
2 599
15 448
27 618
22 128
6 654
13 680
3 650
39 62
2 676
41 331
49 347
2 679
44 453
24 611
45 343
16 23
44 159
33 56
3 553
32 652
29 699
24 95
48 325
23 480
35 30
27 385
24 45
29 252
10 220
29 622
28 221
2 535
14 515
2 687
12 700
20 663
4 589
24 502
32 489
37 194
48 126
13 381
50 644
14 644
20 319
50 700
34 238
32 102
14 628
36 319
19 502
24 448
37 542
17 57
19 420
41 447
45 120
50 594
12 466
33 215
21 40
49 439
19 93
36 206
37 181
20 299
30 584
13 682
30 90
29 111
12 616
11 455
45 170
23 253
15 401
25 79
13 57
32 477
27 135
11 437
27 54
30 271
50 237
47 589
2 200
20 491
47 303
16 444
46 244
26 671
38 281
36 148
31 501
43 103
41 687
26 195
43 299
48 228
25 287
17 282
6 88
16 286
45 70
7 18
23 651
9 242
38 446
10 351
4 463
31 556
42 265
40 657
50 650
26 403
30 461
30 422
50 336
37 332
25 537
46 112
47 649
7 246
44 512
17 122
8 629
14 494
47 141
19 61
37 523
40 342
31 101
43 360
14 381
8 593
34 699
31 187
23 613
25 318
13 320
5 406
13 31
16 117
10 284
36 114
38 606
20 149
41 578
17 137
21 611
24 287
14 104
5 439
23 488
34 36
30 665
38 379
22 517
49 464
35 369
33 427
28 249
44 156
28 689
7 32
27 429
36 368
25 99
19 389
4 601
20 446
21 424
35 604
42 433
49 213
10 348
48 151
26 575
23 522
15 661
24 459
21 681
10 407
28 244
7 207
6 349
8 621
50 670
8 258
3 497
8 414
32 681
37 636
27 455
22 419
5 608
30 419
28 187
36 253
16 592
15 346
7 562
44 43
49 597
3 244
8 117
34 671
21 502
30 134
44 650
23 411
20 682
43 442
9 250
37 457
41 153
33 368
22 469
25 333
46 263
48 14
18 42
31 174
19 322
40 366
37 19
30 443
3 245
23 45
1 84
21 8
1 582
1 522
30 571
33 120
5 254
7 168
4 659
9 367
15 478
16 657
27 140
26 186
45 548
25 391
47 355
31 114
41 461
8 347
23 475
45 390
39 510
29 516
28 402
38 266
29 121
2 423
41 264
8 127
34 661
35 418
26 508
20 643
29 610
8 8
25 34
9 200
46 385
23 688
16 111
6 149
22 304
2 465
45 270
6 509
26 607
40 289
16 649
45 146
15 516
36 700
44 304
46 347
7 39
26 302
33 136
13 381
30 161
28 483
3 363
46 222
4 693
30 642
33 157
35 98
27 431
31 44
43 90
12 35
10 384
28 695
1 200
45 126
43 76
23 267
33 1
5 296
7 87
28 296
34 371
29 603
38 339
13 301
47 474
43 179
14 515
9 292
47 71
14 64
29 183
37 331
16 185
45 389
17 187
33 99
6 156
18 250
31 289
5 50
3 334
5 216
5 535
42 421
36 142
31 438
20 590
49 317
17 68
1 421
46 188
12 264
7 214
16 322
45 519
31 502
36 214
26 241
7 249
42 596
46 592
43 249
21 150
26 653
46 606
38 397
19 4
26 239
36 489
34 38
47 617
38 676
33 91
13 579
44 165
7 616
22 47
45 261
21 657
47 587
13 599
48 105
35 607
12 213
37 681
22 607
5 689
25 697
6 90
17 597
16 519
12 579
33 497
49 622
31 510
4 105
21 93
14 638
20 371
14 480
43 640
50 289
2 484
21 658
28 187
20 67
17 179
11 250
49 55
38 291
32 332
16 336
7 73
8 515
11 223
5 125
36 403
11 138
39 482
26 353
17 234
15 358
16 126
22 33
22 85
46 75
6 614
34 648
43 110
43 178
43 637
37 367
14 552
24 422
43 542
4 198
35 587
15 340
50 241
46 102
26 80
26 102
40 148
7 652
36 431
49 512
49 408
39 491
41 477
25 460
19 215
44 431
40 284
25 586
16 40
42 630
36 233
46 135
26 431
24 608
7 122
35 263
12 574
13 477
35 463
6 146
40 632
34 23
32 29
44 39
8 176
47 14
34 633
4 387
38 568
19 352
10 614
16 215
17 440
27 387
42 162
7 5
31 242
27 483
30 247
2 569
36 665
31 269
35 431
35 546
1 468
10 312
48 591
13 664
27 339
42 107
31 672
46 146
10 51
48 45
15 570
18 673
12 217
38 330
46 30
24 233
9 494
31 98
50 160
34 697
36 650
2 455
37 227
35 236
47 352
36 333
39 133
30 593
6 168
16 375
29 205
8 682
1 120
4 499
1 95
37 39
5 240
12 123
18 28
45 258
8 124
35 50
13 360
41 56
5 25
32 405
13 585
35 423
15 376
21 387
33 601
20 576
47 204
37 167
50 139
34 664
8 438
8 290
18 683
8 244
11 299
18 591
1 533
