27 33
33 12
24 13
49 1
10 1
35 24
27 4
22 9
24 26
11 54
39 12
12 35
41 52
41 54
43 14
6 3
32 41
9 52
47 8
5 44
3 52
49 44
17 2
13 21
42 18
46 12
30 33
42 50
42 49
6 13
17 57
20 13
34 4
32 28
13 46
48 52
46 10
13 23
18 33
15 33
6 54
30 21
40 11
33 30
23 8
43 49
27 37
48 13
12 42
31 54
4 16
9 50
9 25
39 37
6 27
17 7
14 8
10 53
35 41
28 41
20 53
8 40
22 44
3 53
49 2
40 18
8 17
12 24
15 60
4 13
5 51
13 26
28 38
4 13
12 51
4 27
49 14
11 7
41 26
23 17
46 36
40 45
29 12
48 3
11 47
12 10
20 3
31 16
50 58
46 17
32 58
35 56
24 54
30 59
26 47
20 54
8 51
6 40
17 25
17 19
22 10
34 39
45 26
35 45
36 43
14 45
26 29
9 5
32 37
14 41
19 28
18 49
49 57
45 14
38 44
47 7
36 29
46 57
43 14
44 15
36 34
30 25
1 44
23 32
16 47
25 3
34 31
7 38
30 2
14 16
47 59
2 40
46 32
42 34
40 9
22 16
7 51
15 10
18 52
40 2
