39 37
26 80
36 2
8 41
31 54
42 27
25 79
40 79
33 47
30 83
33 43
27 29
31 62
45 44
17 13
42 83
30 38
49 83
29 75
29 6
44 71
24 79
47 48
16 77
23 65
49 52
38 2
24 56
8 13
10 83
41 21
24 89
1 10
37 3
20 34
48 42
36 26
22 79
39 11
31 19
48 15
3 35
18 6
30 36
22 23
3 87
22 27
31 47
3 64
18 77
42 84
46 45
35 87
45 86
26 20
31 2
27 12
44 32
42 15
15 80
44 78
4 65
6 60
18 64
36 30
3 47
37 65
8 61
45 84
15 84
43 60
8 22
29 44
19 83
49 54
16 86
40 7
11 45
42 15
14 17
19 7
21 30
38 27
19 4
23 90
32 70
44 44
44 15
12 39
37 16
16 25
36 57
23 11
24 15
11 73
25 67
13 89
47 14
22 77
38 81
9 55
9 82
38 60
8 62
6 24
40 45
44 16
37 52
1 49
6 24
6 62
22 23
21 13
49 2
10 36
36 3
43 17
8 39
41 13
7 56
1 83
1 26
22 69
17 17
6 2
48 14
18 46
35 32
33 47
18 37
2 73
9 4
29 71
44 69
27 56
49 60
43 55
20 77
7 67
27 83
31 32
41 68
34 79
15 72
5 88
8 74
33 60
29 12
22 77
1 69
46 71
13 14
39 88
32 2
29 78
28 54
29 90
16 82
25 10
17 27
10 82
41 47
40 44
38 54
27 4
37 41
3 65
31 34
40 47
16 69
35 55
30 59
39 15
49 53
34 63
23 75
5 46
17 25
38 25
35 70
16 60
38 67
50 6
33 71
7 72
19 75
11 78
29 78
20 87
42 35
50 57
50 10
8 86
13 4
34 76
33 10
29 6
42 58
17 39
35 69
