15 112
7 344
50 464
40 313
7 123
39 494
21 103
19 487
24 138
28 420
44 364
20 229
36 460
7 304
47 72
43 159
35 310
24 500
11 297
48 10
2 465
35 121
14 201
26 410
40 264
7 363
1 479
16 417
23 422
29 244
44 385
37 201
32 475
13 211
31 300
25 183
22 337
38 194
26 243
35 284
37 279
20 4
39 443
21 323
38 181
48 91
35 282
33 479
50 367
41 233
38 10
20 148
25 130
1 343
25 146
9 253
25 391
13 332
8 274
8 468
47 37
45 458
31 132
35 282
14 451
50 399
38 170
43 385
47 369
3 346
1 134
2 217
34 110
17 230
1 239
25 460
29 397
25 476
30 453
2 400
32 451
16 407
29 34
38 208
5 337
29 287
14 247
19 337
27 457
7 258
43 354
46 52
36 401
36 498
11 184
32 34
21 143
8 430
6 262
7 205
11 275
18 180
47 151
21 328
21 132
7 359
25 497
29 163
43 284
12 370
37 374
13 283
42 457
45 354
13 338
45 363
15 77
44 209
43 422
14 372
48 272
28 338
20 323
18 455
25 79
20 473
10 352
48 181
6 483
27 489
41 404
29 249
6 420
9 310
16 143
19 57
37 192
22 214
28 499
11 141
31 479
4 124
47 209
1 345
36 462
46 283
12 397
16 491
21 116
19 393
22 121
11 265
36 24
45 366
20 197
14 402
43 149
39 48
41 336
36 54
26 395
47 78
45 321
18 376
50 268
12 292
25 478
47 345
24 470
13 363
4 492
25 260
11 191
45 397
34 408
6 218
22 450
14 175
36 347
18 148
24 428
7 332
3 379
35 458
46 183
24 165
27 81
3 327
9 404
29 395
17 229
23 43
28 471
5 222
10 72
3 183
13 195
30 483
39 279
46 125
23 479
7 158
39 414
28 407
44 194
8 351
26 300
3 112
19 182
44 420
47 110
29 191
35 57
36 408
31 280
2 474
26 388
42 190
49 438
9 97
35 50
6 332
34 304
27 213
10 383
49 349
45 386
27 491
39 401
10 347
37 117
22 18
35 12
7 43
39 315
24 381
27 424
27 485
34 488
24 44
23 430
35 487
25 398
46 111
38 170
9 327
14 127
7 191
30 112
30 256
49 23
38 308
21 238
21 423
19 296
21 361
47 495
35 140
18 457
14 301
38 437
16 294
20 408
36 138
32 63
19 223
14 222
32 345
39 100
47 265
13 483
14 357
36 384
35 496
4 230
20 272
20 14
50 413
41 43
50 419
13 115
19 379
7 229
21 152
30 164
47 259
41 19
35 386
19 433
36 131
22 174
23 326
14 209
41 21
38 215
11 67
14 64
50 258
8 429
34 399
45 127
16 66
47 295
8 4
43 75
43 236
27 151
45 93
47 36
46 277
41 108
50 461
19 353
35 30
26 450
45 127
3 270
46 371
17 97
13 147
32 236
11 30
32 32
28 149
9 78
4 65
26 332
20 476
42 19
18 474
5 77
23 334
15 115
46 187
49 1
12 476
17 34
34 267
4 142
37 438
33 406
29 5
19 8
5 500
35 67
30 7
50 499
37 21
19 290
41 310
19 273
15 392
41 297
19 254
16 474
40 37
16 492
24 179
31 134
50 46
49 95
3 438
21 149
1 223
2 458
32 117
4 88
28 24
26 401
9 482
37 497
19 414
42 305
8 119
13 360
16 483
25 266
31 377
21 95
2 277
8 92
39 110
38 34
22 284
28 491
12 397
21 406
17 149
24 292
29 490
1 77
27 360
7 172
2 463
50 175
16 75
45 296
32 464
10 220
24 295
48 386
19 179
38 50
23 141
24 426
41 198
14 379
27 38
33 160
37 385
26 451
36 290
9 375
26 312
48 2
47 301
25 237
6 106
28 462
11 337
30 379
13 439
36 334
39 498
20 394
12 491
19 276
24 473
26 413
16 238
5 157
48 362
43 177
41 16
1 370
36 135
32 203
28 460
16 436
22 402
13 263
16 180
24 63
21 492
34 337
50 65
27 494
40 133
23 15
26 411
24 414
23 409
38 162
43 144
34 95
2 332
43 335
38 274
24 416
16 97
10 204
7 349
25 387
28 432
21 193
40 330
41 441
12 6
22 426
47 45
5 466
49 459
5 212
6 489
36 371
6 260
18 479
19 16
43 258
21 220
15 391
44 348
43 284
26 129
35 205
19 51
44 176
41 350
21 175
35 238
8 221
47 321
32 44
50 418
40 180
33 366
49 340
33 37
42 56
46 480
11 449
15 297
14 490
30 46
2 117
38 193
24 431
20 497
24 302
14 348
41 317
43 46
29 77
44 159
31 134
2 374
3 317
30 231
18 62
18 104
24 351
30 123
1 259
25 434
23 430
16 129
10 46
35 361
47 290
27 1
30 162
24 106
42 365
16 192
17 486
1 116
7 454
20 288
12 128
12 497
8 339
17 381
47 27
38 289
14 161
46 395
49 67
48 84
29 147
12 399
27 33
36 69
15 54
44 57
33 209
33 110
37 110
27 413
40 89
49 499
36 273
41 298
17 236
24 385
7 474
7 111
17 80
31 488
39 438
38 56
35 278
36 275
32 72
31 63
7 201
32 251
32 90
34 190
45 269
26 26
21 424
36 117
22 384
42 258
42 387
7 286
20 13
47 461
8 175
46 418
36 442
9 477
46 401
14 312
14 48
24 429
10 416
24 445
23 3
10 442
30 345
14 260
13 477
22 467
9 168
16 498
24 121
4 41
8 179
38 310
42 262
45 336
47 407
1 350
16 266
37 58
50 332
17 98
7 438
41 240
32 374
25 189
46 10
25 219
35 442
31 35
19 161
50 19
48 5
11 443
5 487
37 52
1 339
3 82
24 199
27 114
45 60
12 290
49 338
49 169
27 55
20 362
37 45
29 158
13 37
6 42
23 234
47 166
12 123
8 443
9 431
23 282
38 466
39 487
40 134
50 37
35 57
27 414
27 457
46 97
6 446
21 487
36 394
42 131
40 200
33 224
43 416
7 222
42 273
22 184
10 154
19 135
9 253
46 246
48 464
30 21
16 56
45 139
29 406
27 445
41 192
14 77
22 472
7 9
28 225
4 366
18 61
23 406
21 33
44 42
9 348
49 268
4 405
49 424
44 463
4 359
17 486
9 258
21 155
35 247
38 476
29 473
3 260
10 174
45 443
50 431
40 337
49 402
2 239
29 315
2 390
47 263
14 257
42 442
20 459
34 199
30 478
22 468
28 129
41 349
4 255
1 184
29 256
19 301
15 426
33 293
50 444
31 165
27 393
13 343
38 415
29 390
4 16
20 77
1 273
6 1
6 210
3 481
45 198
40 470
13 105
22 471
35 442
49 150
47 143
3 432
12 123
31 7
48 16
40 379
36 17
37 170
12 382
14 118
33 378
10 289
34 67
35 327
42 450
28 142
28 122
45 108
27 65
31 259
9 483
15 277
47 309
46 229
13 23
37 305
50 106
3 386
29 279
44 483
49 205
49 2
40 135
14 319
43 414
32 447
18 70
14 169
17 332
5 180
9 281
43 68
14 339
24 18
4 222
30 289
27 11
1 454
44 314
44 402
50 10
16 329
4 457
4 210
48 194
26 320
15 400
40 45
14 128
49 433
48 484
2 500
45 450
22 126
40 374
36 454
32 239
33 124
49 169
46 389
39 68
22 456
43 96
24 68
3 294
11 54
28 361
23 70
35 330
26 162
5 261
31 478
24 307
10 251
40 19
40 491
22 416
25 397
12 32
6 475
16 80
15 211
43 257
21 160
13 150
36 401
41 255
47 186
2 241
9 388
4 80
35 64
23 297
42 420
50 335
14 123
29 473
3 13
26 109
14 341
49 302
6 440
38 292
29 310
33 369
43 474
20 367
17 113
23 143
26 38
4 144
19 63
16 383
3 243
18 92
32 194
3 228
36 310
30 39
4 305
43 76
20 398
19 175
46 461
23 256
45 409
44 73
41 167
12 306
9 83
48 10
21 24
4 223
21 34
35 91
17 35
34 450
50 122
12 143
28 268
3 392
25 277
29 170
5 266
6 39
8 491
13 413
40 480
42 207
21 57
40 417
15 63
48 180
39 179
20 114
18 1
40 228
25 215
27 204
31 84
31 327
21 247
39 441
28 363
19 291
21 90
24 133
20 84
41 313
32 354
31 218
37 87
4 447
22 403
22 319
1 403
16 121
49 71
4 71
31 105
8 402
16 441
32 168
9 53
37 17
41 194
11 202
31 363
24 52
41 460
39 473
39 137
4 97
32 424
31 338
33 400
32 382
35 444
42 401
12 66
35 99
19 182
26 426
6 268
20 194
6 160
28 334
43 165
19 246
8 75
27 56
43 318
44 429
40 448
34 139
43 421
22 398
21 125
49 421
25 93
31 213
26 127
13 215
22 69
18 8
15 256
9 261
40 230
20 359
43 8
44 267
20 461
23 363
16 432
41 329
40 404
46 364
38 186
23 114
4 388
41 495
19 500
11 364
44 240
47 440
46 449
17 483
26 200
47 392
13 203
29 127
29 56
1 484
37 54
38 35
22 167
9 124
31 382
41 256
39 219
48 269
38 12
29 400
18 65
8 171
21 479
7 128
5 490
16 471
21 267
1 7
15 353
15 406
13 59
44 94
24 31
36 447
33 428
26 346
9 127
7 438
26 141
21 331
24 254
21 446
31 362
21 197
17 460
46 336
10 316
23 237
49 338
33 68
1 27
17 373
23 113
14 152
35 200
30 285
16 398
1 475
11 426
42 286
46 226
20 440
4 290
47 224
46 245
1 32
44 408
22 212
2 298
50 442
13 459
13 438
4 299
9 263
34 116
6 146
18 298
14 178
27 245
48 2
50 106
9 321
29 78
45 74
15 439
26 217
24 299
11 250
45 182
25 11
26 358
50 475
27 266
34 311
13 233
46 440
34 65
41 274
11 29
24 142
39 146
43 26
3 489
24 271
25 375
43 338
26 132
10 335
10 373
10 230
15 250
13 443
43 192
28 62
19 129
25 432
10 65
44 183
17 201
13 90
10 230
16 99
45 469
13 112
24 116
29 309
15 451
37 403
35 42
36 70
43 278
34 137
10 386
26 52
7 462
11 59
19 94
22 294
20 399
26 309
31 256
8 135
2 97
9 452
34 21
17 18
41 451
26 292
14 112
36 183
37 393
34 110
20 109
17 8
21 133
47 330
19 480
25 298
48 126
15 437
32 329
10 303
35 69
19 344
46 87
44 242
45 396
1 314
40 145
4 156
27 451
26 492
38 467
33 155
41 221
6 239
37 244
45 69
17 197
2 299
43 164
19 234
22 107
8 272
1 227
35 360
32 130
39 3
9 110
10 144
28 190
20 439
46 180
38 423
29 329
10 128
16 279
50 52
27 135
37 182
12 212
13 413
39 355
26 300
43 496
38 54
31 469
45 172
1 383
22 435
7 106
41 473
35 67
50 360
47 133
50 51
5 71
44 242
14 274
38 100
11 253
40 369
42 156
33 355
2 343
47 497
41 107
39 482
25 90
35 158
28 327
23 50
14 133
40 298
21 39
16 86
9 477
33 246
31 245
4 60
24 224
49 308
36 211
1 219
26 473
13 243
15 468
38 170
14 411
27 331
45 99
46 348
34 318
28 130
7 207
39 33
35 357
27 433
27 324
18 59
10 490
36 231
36 123
19 314
5 94
31 402
7 81
24 334
15 138
13 93
41 91
41 380
3 266
49 138
44 217
14 212
7 475
26 265
30 159
26 175
37 309
22 49
50 285
34 395
23 35
13 428
12 105
46 198
30 340
23 288
7 410
38 396
38 234
22 228
41 202
47 355
23 341
12 215
23 353
13 101
12 99
8 27
12 299
10 270
24 274
12 67
19 472
41 375
17 316
3 45
46 20
24 58
48 74
44 494
27 223
15 58
15 479
14 484
31 52
30 312
35 315
6 296
40 258
12 474
31 326
48 140
17 14
21 410
30 296
24 67
29 136
8 213
49 134
28 222
22 331
18 297
31 101
48 54
3 344
14 182
11 276
48 82
10 362
34 157
49 284
33 163
12 483
29 217
47 354
35 329
48 171
7 27
13 25
49 50
27 49
6 179
45 123
18 115
17 89
34 53
46 246
4 189
7 81
17 129
36 303
43 351
31 26
5 314
2 87
15 268
41 36
46 411
29 33
35 120
26 325
22 165
17 486
40 403
6 323
11 262
32 170
8 55
7 404
46 499
40 232
22 384
38 71
40 414
14 270
12 88
38 78
1 238
7 76
3 79
13 237
34 263
30 325
2 499
36 386
12 479
29 309
10 229
33 273
5 31
45 446
42 153
42 133
33 183
9 163
19 140
18 348
17 180
26 97
46 335
28 79
16 203
37 435
24 433
9 487
3 29
45 131
47 78
19 173
37 262
42 479
37 260
45 135
47 32
16 92
30 209
15 368
19 243
16 65
26 308
2 8
12 91
3 91
33 205
25 443
23 76
7 420
19 156
6 447
2 384
36 414
35 422
18 243
13 302
4 260
47 493
41 491
16 195
7 213
38 21
8 312
17 486
8 232
50 139
14 443
12 123
43 150
15 355
1 79
21 25
28 7
23 436
50 204
25 274
44 5
17 317
30 26
3 380
14 400
11 159
4 45
31 446
5 400
12 291
36 389
8 7
28 396
16 413
28 219
15 467
33 318
47 335
48 382
10 500
21 238
13 324
17 246
20 93
37 489
4 250
50 298
16 279
2 152
10 425
27 449
47 279
10 82
40 450
40 131
24 294
23 252
40 297
34 480
21 193
6 350
20 165
12 130
16 161
12 61
6 58
44 379
43 43
2 238
42 199
30 457
31 60
26 301
23 298
35 171
32 177
1 487
48 410
5 355
2 334
41 420
41 290
5 274
29 423
12 318
31 397
10 442
43 42
1 6
48 168
18 426
39 136
19 428
26 74
1 440
13 258
1 472
35 273
31 482
44 75
11 155
6 391
14 175
12 333
49 37
32 260
31 293
49 288
42 306
27 173
35 86
6 176
19 13
47 106
48 120
19 454
45 155
5 336
8 247
48 425
23 448
42 307
28 237
30 60
25 111
27 441
27 472
3 197
22 128
32 308
41 193
42 285
4 230
25 493
19 159
33 479
6 497
48 134
33 462
7 364
42 82
14 371
18 265
35 35
17 119
10 327
26 326
29 15
14 482
2 443
7 212
2 206
16 88
22 364
23 476
19 269
6 84
37 177
21 270
9 21
6 319
4 460
30 20
45 449
37 190
39 341
10 478
46 382
11 182
5 229
48 492
26 118
9 139
25 467
28 336
28 396
43 63
2 331
40 70
16 21
43 146
28 384
29 72
7 187
4 483
33 272
32 161
24 265
8 468
27 81
22 399
19 200
10 493
7 346
2 216
6 489
40 89
11 498
9 182
8 260
40 275
46 444
20 312
26 253
26 423
7 327
39 157
5 218
16 364
39 55
40 217
22 494
17 159
32 285
22 301
14 357
35 35
24 449
3 251
40 457
38 372
41 306
24 39
35 332
22 473
12 285
3 383
40 201
44 15
13 429
33 453
23 113
30 426
8 414
34 326
26 141
16 450
19 92
15 228
8 483
2 153
34 499
18 320
2 202
23 6
32 178
42 453
38 271
6 383
48 162
8 87
12 34
6 337
24 39
12 185
44 156
47 479
42 444
41 60
12 487
5 459
7 407
23 453
20 472
13 42
9 226
33 53
27 64
47 115
31 315
15 367
45 303
37 217
30 118
43 94
38 254
46 381
17 37
48 157
5 350
49 468
3 453
2 269
20 272
12 266
48 39
36 262
27 240
36 398
34 417
45 245
18 153
30 480
2 11
8 484
28 355
44 202
9 79
10 451
48 400
12 137
44 396
9 424
32 278
46 418
36 249
25 240
46 126
10 494
6 242
25 198
12 274
8 109
10 196
21 224
29 9
49 362
9 334
25 249
42 462
18 209
4 93
15 33
26 163
8 246
37 29
37 61
41 185
9 179
39 85
33 157
23 433
31 109
31 143
41 405
24 64
48 191
19 166
17 341
14 494
16 60
21 366
12 215
39 233
19 370
34 7
1 276
36 18
43 321
47 285
38 244
35 175
18 30
27 251
35 47
43 281
6 314
30 225
23 315
12 447
1 353
37 431
32 199
22 449
1 201
5 114
23 82
39 152
21 480
41 495
50 139
50 110
33 425
20 249
38 396
47 207
32 58
48 383
10 335
35 40
6 154
12 126
33 310
25 168
31 208
25 104
33 46
23 183
50 326
33 437
31 398
28 483
7 327
13 276
9 243
30 475
23 397
1 385
49 476
8 56
18 196
35 463
43 156
24 358
45 439
50 467
44 140
9 393
14 122
6 78
49 365
26 222
11 497
39 189
32 355
6 83
15 150
21 300
16 315
11 89
16 261
2 465
16 207
24 404
42 26
42 84
48 162
15 324
8 387
33 418
27 131
49 431
45 431
48 46
17 84
24 198
20 130
2 37
11 251
17 6
45 478
23 34
2 78
48 39
32 284
24 305
19 125
43 126
39 110
46 234
1 108
1 356
15 278
31 291
44 498
46 148
22 87
33 26
42 254
41 105
1 154
12 244
30 290
16 379
5 394
17 318
49 73
11 150
4 372
7 80
14 417
34 125
8 205
30 227
9 339
39 131
1 5
37 415
27 352
17 174
6 265
12 290
11 80
8 359
21 28
10 405
41 137
30 28
17 397
45 436
20 407
22 70
41 404
47 192
9 306
11 432
15 459
10 465
45 381
33 171
27 409
39 493
29 189
23 414
12 126
34 343
41 371
43 194
25 220
44 117
47 195
21 139
43 297
48 433
43 186
36 273
34 263
26 381
4 102
20 374
44 119
9 430
39 144
17 43
33 106
27 248
35 130
40 413
15 183
19 66
46 44
35 13
45 158
44 37
26 258
7 351
21 304
16 64
18 134
4 291
26 351
24 444
28 73
17 165
16 81
18 453
11 443
26 320
22 320
40 389
26 479
12 301
9 476
11 11
4 421
12 7
25 385
38 195
11 210
23 440
39 348
42 163
6 5
43 298
24 478
31 317
19 134
18 106
27 499
35 168
48 313
26 292
11 219
46 486
13 409
1 122
8 338
10 162
20 83
39 23
21 35
35 416
11 267
49 432
19 222
31 450
9 404
43 69
39 168
27 410
13 274
38 219
25 498
6 392
33 111
21 30
23 112
40 252
1 166
38 305
7 181
35 400
6 248
2 23
3 334
10 324
26 57
25 80
41 220
22 262
4 500
21 275
9 450
24 220
4 317
33 195
2 351
15 298
21 363
26 245
6 39
41 355
16 43
25 310
37 76
16 431
34 437
35 97
21 64
45 258
19 52
47 88
35 182
43 211
44 152
19 86
1 469
1 20
12 200
3 37
19 236
44 270
36 247
39 444
11 98
5 58
40 320
3 162
22 359
22 337
25 201
12 109
40 221
10 138
27 80
26 62
43 394
41 445
49 206
45 313
30 40
47 65
35 175
42 157
17 187
2 247
42 360
17 4
49 461
43 438
9 52
41 116
37 71
2 451
23 392
25 90
18 365
10 197
3 257
47 148
32 306
31 352
10 113
26 182
29 75
9 153
47 116
4 362
29 238
13 69
39 381
49 14
41 449
5 481
47 215
33 6
43 269
14 298
20 281
34 496
46 433
26 69
24 338
42 237
10 264
38 120
38 277
23 459
35 13
31 485
50 232
50 400
37 474
26 159
29 369
13 483
50 473
1 424
46 349
49 207
38 70
9 345
19 128
34 395
11 294
22 435
10 202
22 291
30 237
5 13
24 332
49 98
30 93
35 252
5 135
28 301
22 161
22 395
28 6
48 34
8 206
21 43
10 302
6 467
43 278
22 125
21 93
2 427
1 175
4 123
11 163
45 414
27 85
3 392
21 415
35 270
7 318
37 421
41 101
43 5
15 24
4 149
41 393
19 295
19 332
15 145
37 310
46 268
27 106
37 300
14 147
3 492
9 249
19 477
20 370
3 410
26 453
28 315
31 22
1 172
47 449
17 102
25 480
15 359
32 322
15 268
30 16
20 114
15 238
15 283
12 70
41 276
16 383
31 468
22 146
23 239
1 80
42 365
13 155
14 233
41 11
14 27
30 464
44 241
13 472
21 323
41 431
22 487
8 385
42 118
30 25
31 222
40 213
16 488
13 206
30 269
16 381
32 131
39 177
34 149
13 124
37 97
8 211
34 411
15 306
38 111
34 221
19 166
34 105
44 249
37 500
1 360
6 302
11 267
11 162
21 426
8 380
43 316
47 174
20 68
19 209
47 4
5 232
9 57
45 216
9 448
38 176
12 460
26 104
4 421
38 99
19 337
43 342
10 159
23 165
44 70
3 367
47 413
28 334
35 485
22 444
31 378
21 104
37 239
17 281
35 354
21 402
42 457
9 16
50 11
39 281
46 171
13 389
31 101
24 117
39 100
11 399
23 474
9 345
34 457
37 52
50 373
6 41
45 109
27 359
17 101
49 163
39 94
29 344
44 329
9 442
38 432
22 84
25 419
35 173
13 30
24 255
29 356
40 26
48 12
29 86
13 69
23 90
49 417
30 52
8 74
27 430
10 90
9 477
26 71
37 256
35 427
5 272
20 65
3 300
41 262
34 422
48 73
11 119
22 187
4 172
9 165
28 216
48 359
33 141
8 355
30 113
5 27
8 53
23 288
9 479
43 475
18 494
37 133
42 361
7 456
32 402
20 289
26 334
30 444
36 491
49 300
12 272
39 472
43 129
13 452
48 228
42 422
14 162
44 388
6 310
50 18
3 374
10 412
44 199
36 283
28 228
20 247
30 101
16 304
14 87
4 342
8 402
50 106
19 273
2 104
7 299
19 298
41 129
38 346
49 265
22 125
33 129
14 456
3 236
27 160
28 253
50 419
14 68
30 361
7 134
44 230
29 201
17 486
32 222
8 316
14 321
20 232
7 201
45 313
14 167
4 242
2 179
11 58
3 22
40 461
44 317
16 77
22 297
18 322
32 349
48 421
39 209
7 219
18 195
19 127
17 178
9 311
8 205
41 159
50 41
16 426
23 274
34 455
20 392
20 441
4 35
35 254
32 373
10 161
38 431
7 425
2 155
24 14
35 316
10 307
25 422
31 96
30 384
11 58
44 316
7 25
37 44
36 135
37 288
14 79
45 59
34 416
30 75
39 18
20 457
27 152
44 106
42 408
18 3
13 45
21 300
3 259
2 101
40 111
13 416
33 243
49 38
7 379
25 18
29 426
45 184
40 483
34 388
12 126
11 106
29 114
30 188
50 266
22 364
34 460
17 218
16 339
27 416
15 339
31 37
3 246
30 104
50 415
22 168
34 105
48 76
10 90
35 10
23 121
14 220
27 156
18 466
44 39
13 262
5 377
49 164
28 454
16 406
39 134
44 490
36 70
30 279
1 110
11 197
37 39
44 300
7 202
28 186
39 183
6 404
31 459
50 438
1 37
30 136
37 177
24 119
12 439
35 59
13 168
33 247
37 442
40 486
2 12
33 72
1 214
34 357
23 287
7 277
13 312
18 406
2 130
1 391
29 217
48 402
5 381
45 71
48 467
50 30
10 442
8 276
7 241
9 268
45 469
38 327
6 210
41 210
9 208
13 252
7 126
9 29
16 44
47 226
18 360
16 446
12 425
4 361
15 107
20 247
4 187
18 498
36 318
13 316
19 181
13 38
1 472
36 445
43 10
12 483
1 340
49 169
11 305
20 45
50 374
14 333
17 427
45 152
29 172
25 191
49 453
28 172
11 296
10 500
17 472
32 239
29 299
25 477
2 342
42 347
31 29
29 370
26 479
16 164
27 196
3 273
47 264
14 474
32 53
37 331
5 458
17 48
4 214
5 288
46 440
21 56
21 60
41 411
40 323
10 122
19 233
41 304
41 203
37 201
17 389
42 448
28 136
28 70
8 429
7 85
3 122
34 342
50 444
17 146
41 286
16 321
47 348
42 226
34 96
34 226
33 112
7 114
48 250
26 66
25 176
39 422
14 255
30 360
33 6
47 157
29 185
44 171
6 431
28 313
30 347
42 38
27 180
32 190
39 59
18 46
26 453
35 488
1 349
20 256
6 19
15 96
16 407
23 163
36 475
47 468
16 352
25 248
9 204
9 198
23 119
19 498
2 14
2 403
43 235
19 475
4 215
9 81
20 138
32 296
21 122
49 70
7 83
33 275
34 391
6 111
49 483
7 7
10 49
13 132
7 214
48 258
2 447
1 488
14 75
3 27
18 310
9 62
45 55
22 476
40 363
40 126
38 222
22 295
41 334
22 495
42 409
50 93
27 460
2 345
14 377
11 449
28 243
45 70
14 114
39 80
26 323
31 381
42 211
25 24
5 273
15 486
12 431
11 262
42 405
20 71
35 497
19 10
30 115
35 330
29 137
8 51
9 490
40 493
21 324
45 381
44 194
6 91
3 482
39 419
36 289
22 155
30 370
34 336
10 355
32 154
50 390
47 42
23 71
26 168
19 498
21 154
23 158
38 412
28 59
3 50
39 228
19 295
7 244
19 392
44 301
8 248
13 25
13 227
11 273
44 166
46 345
28 283
37 237
40 1
36 115
41 394
32 493
36 67
25 168
28 404
14 335
49 6
40 19
15 439
25 223
43 353
20 326
43 397
29 464
23 217
38 346
4 363
26 244
6 11
31 226
6 317
7 365
13 218
29 439
15 81
33 57
20 497
39 199
34 347
33 117
42 355
18 421
4 112
15 8
23 474
15 314
32 30
16 464
47 370
12 330
38 413
18 309
14 367
26 246
37 109
42 145
36 264
41 200
39 374
48 202
10 298
13 207
4 430
7 490
35 360
45 297
27 419
44 118
6 308
14 462
27 335
28 297
41 362
13 394
43 398
23 392
23 84
20 9
35 401
10 39
37 312
17 294
1 392
9 142
5 352
10 326
27 378
6 410
33 67
43 371
14 137
29 4
10 178
17 208
22 463
13 106
39 327
2 256
29 409
22 139
41 446
11 45
1 316
34 343
38 134
3 382
18 28
19 118
36 334
30 80
6 325
4 345
28 112
25 426
12 456
13 128
13 250
49 396
34 89
7 279
48 94
43 400
13 85
26 62
26 68
32 30
28 227
9 66
20 136
45 432
7 483
32 153
39 204
45 286
13 299
10 406
1 466
23 355
21 55
28 210
5 344
3 20
22 115
29 103
13 226
10 170
34 174
1 59
21 254
23 12
12 164
22 146
4 208
18 471
13 245
25 142
8 305
24 163
31 195
42 162
20 417
21 443
47 207
18 131
8 234
42 332
17 138
11 169
11 165
13 211
15 240
17 444
15 181
24 23
11 414
4 241
10 261
3 334
43 299
19 133
27 500
45 96
43 30
11 350
4 54
12 453
40 91
37 257
9 448
42 383
2 468
8 44
8 61
46 288
36 360
38 368
42 194
24 277
46 483
38 322
8 327
2 55
44 265
6 241
37 136
4 248
42 332
13 308
35 147
45 274
28 423
33 322
7 90
3 441
21 5
32 13
40 458
27 391
6 292
8 126
5 403
8 48
31 280
44 344
47 107
15 136
4 300
45 4
22 121
35 39
30 346
28 423
28 102
33 332
19 75
37 327
27 66
24 348
28 489
22 4
39 10
5 387
21 164
40 386
33 18
30 153
18 426
15 184
17 138
11 135
16 460
31 161
16 63
41 232
26 78
36 255
16 189
10 37
46 340
24 458
15 459
6 317
37 1
21 452
1 259
22 295
40 336
33 245
43 42
42 393
20 428
47 348
6 402
32 109
4 163
39 406
35 2
29 165
41 69
13 334
16 424
3 426
34 455
4 314
9 217
1 293
10 75
19 356
10 65
28 276
50 338
10 244
31 161
15 372
44 31
42 328
36 445
10 73
43 485
38 138
44 110
24 446
18 49
26 494
47 108
9 342
2 328
48 275
29 112
9 312
33 422
28 204
50 168
28 237
14 442
37 440
21 451
9 140
14 32
36 230
41 6
42 228
50 489
23 336
38 385
13 383
43 349
37 69
2 78
1 161
3 198
22 272
47 453
28 97
20 98
31 47
27 461
4 318
12 449
9 101
35 415
37 468
48 387
44 262
49 278
31 427
8 290
4 448
27 61
41 224
31 201
26 36
18 93
8 211
16 215
22 42
27 367
24 388
11 38
15 114
4 410
25 347
28 471
24 310
49 287
12 461
42 146
33 46
26 400
30 222
43 313
23 227
30 341
38 320
8 459
23 132
49 455
26 215
10 213
11 240
21 58
37 98
40 226
21 297
13 63
48 372
45 103
18 403
13 270
13 488
2 359
3 244
44 257
13 143
45 494
33 439
16 319
24 492
35 410
47 217
38 164
2 343
17 201
26 481
38 382
5 31
29 496
11 387
46 322
14 350
4 321
34 6
21 261
17 313
23 260
20 270
10 83
40 193
32 187
32 54
11 267
8 478
1 266
11 266
40 207
43 35
6 442
27 363
7 39
16 340
35 250
14 2
12 495
48 151
50 155
40 10
43 123
11 439
34 436
33 379
18 351
49 21
12 119
43 306
13 300
49 389
37 411
22 241
22 395
17 327
4 394
48 429
38 389
40 216
15 104
44 460
31 71
15 89
31 162
48 281
2 4
4 63
27 423
3 163
25 50
45 395
44 369
47 70
39 335
3 73
24 416
37 358
2 266
8 344
2 275
49 393
34 181
18 439
28 17
11 239
36 488
18 47
21 361
24 426
17 310
7 309
50 23
3 300
40 42
20 193
23 52
44 421
47 147
35 361
23 276
38 428
5 31
5 441
12 347
30 329
29 384
3 27
47 313
23 86
13 215
22 459
41 260
10 420
15 315
16 264
6 440
16 191
46 231
20 48
44 24
26 106
44 171
8 178
3 456
3 174
31 472
15 85
21 382
11 53
38 450
37 183
12 11
23 227
44 441
11 87
47 68
18 50
41 195
3 182
33 396
36 327
45 6
14 98
17 412
44 165
25 477
6 116
20 361
27 444
17 262
7 391
22 16
24 456
38 242
6 50
37 8
22 265
41 45
35 276
3 422
29 211
1 372
26 76
28 312
50 9
43 132
15 368
28 350
21 74
49 76
37 336
6 434
48 493
50 165
22 268
10 17
20 19
42 368
34 361
8 275
40 128
39 122
29 65
24 470
1 481
36 471
47 460
1 198
31 12
30 177
41 213
16 311
3 489
27 362
36 452
48 481
25 368
18 353
26 433
40 284
49 457
19 6
36 470
35 210
42 182
26 225
34 218
50 496
23 497
42 234
13 255
2 141
4 86
45 251
29 408
35 384
37 400
21 44
18 177
33 460
30 63
14 446
31 393
44 224
44 224
32 324
47 105
29 295
29 117
31 383
3 384
13 411
26 33
3 149
11 168
3 194
16 177
8 118
3 423
14 439
28 448
31 265
17 37
6 313
5 115
48 272
8 321
31 369
48 432
11 143
31 379
41 310
31 335
41 443
5 75
39 495
26 25
28 243
35 387
20 470
49 191
24 416
45 115
26 316
14 272
4 485
7 234
24 447
35 378
28 385
40 265
27 295
32 266
10 165
30 276
3 7
25 200
46 169
38 157
48 10
5 393
50 309
15 30
41 478
1 26
24 115
48 307
47 151
25 380
2 486
3 162
48 30
8 467
37 487
18 163
31 240
46 494
35 407
42 468
2 261
43 374
13 432
21 256
41 165
5 489
13 338
41 468
7 246
22 372
26 226
39 33
11 262
11 439
14 148
18 344
27 264
47 351
10 495
22 448
38 350
45 251
18 447
28 237
40 67
17 160
20 398
48 449
48 307
28 134
5 114
18 136
35 336
11 405
35 390
22 251
1 286
48 25
26 206
17 498
48 226
28 348
1 206
12 279
17 273
1 108
24 338
25 452
16 66
25 259
4 117
34 106
1 267
12 252
35 332
39 230
4 487
48 458
25 49
35 460
46 196
15 123
17 353
20 466
49 213
24 216
50 101
15 114
8 61
11 193
7 64
11 41
35 314
37 67
47 122
36 148
12 353
4 268
3 461
22 167
20 138
27 487
29 388
26 76
38 60
23 169
2 413
31 152
1 296
29 434
23 65
12 166
45 290
10 295
14 403
37 396
30 104
38 68
17 146
5 451
1 498
34 452
34 129
27 469
40 265
15 252
11 374
9 370
34 102
24 421
7 421
29 354
34 194
37 273
24 116
13 66
5 364
40 492
45 134
14 258
19 452
5 207
20 221
1 380
22 258
38 282
47 287
28 231
14 318
21 208
16 312
42 36
38 79
25 489
13 496
25 15
5 72
20 266
7 39
8 395
24 104
37 163
34 12
21 29
16 353
13 351
13 280
37 475
2 380
27 455
2 427
14 6
48 480
2 270
27 486
15 417
22 99
3 310
5 221
10 79
39 69
35 30
20 241
3 66
17 127
45 90
32 441
41 117
47 204
48 288
16 173
3 165
26 249
3 116
15 131
8 363
22 322
9 374
38 447
45 201
48 222
3 20
43 476
47 421
40 447
20 115
16 100
32 428
34 407
42 1
27 427
6 160
49 160
31 343
36 418
18 351
27 459
9 342
47 230
47 144
47 261
11 468
43 211
45 234
19 267
30 119
44 167
11 92
3 438
7 301
4 415
1 8
1 50
33 348
38 82
7 416
30 431
6 209
18 461
27 458
3 12
13 287
10 111
41 371
36 131
8 408
38 438
7 495
18 85
27 150
11 269
29 368
18 307
29 118
32 95
10 87
10 489
5 357
27 154
46 68
42 149
21 7
43 416
23 489
1 41
38 243
13 447
47 352
31 333
26 58
32 405
30 7
27 224
39 362
31 294
34 348
4 273
1 71
28 38
18 480
32 294
32 265
44 437
10 183
12 210
2 220
45 340
6 445
22 112
49 443
8 260
8 395
30 244
4 414
9 443
40 244
38 176
40 453
13 134
18 77
5 266
41 387
48 347
26 405
46 302
37 382
1 163
40 132
34 460
43 219
41 3
8 398
38 412
12 270
37 36
5 453
31 173
5 388
33 60
49 210
50 206
32 223
47 118
42 99
31 489
49 267
4 142
20 284
18 387
30 267
13 303
43 224
26 446
36 205
31 17
13 276
21 438
49 266
24 332
41 272
25 176
32 131
3 178
29 28
15 213
37 347
9 227
2 172
41 314
22 157
15 376
5 474
47 156
25 245
15 239
29 130
11 77
46 98
42 431
33 438
14 289
36 191
30 31
6 391
39 134
37 430
33 472
27 131
10 124
7 208
19 396
46 179
14 423
27 55
27 219
43 196
15 456
24 468
30 460
38 33
31 68
15 95
9 39
36 180
29 303
43 261
45 214
43 400
33 423
40 90
25 305
8 101
34 418
38 218
14 451
8 37
50 65
42 128
14 195
44 297
24 88
14 474
8 426
36 487
23 157
34 325
2 403
42 268
10 237
26 367
38 157
33 184
4 413
13 176
3 239
14 132
44 273
17 413
25 420
48 188
4 10
40 460
13 274
9 500
6 354
9 242
50 313
15 121
31 93
48 361
10 420
7 290
36 57
32 25
7 36
7 494
27 148
4 481
41 386
44 229
48 245
4 149
4 243
14 26
27 315
28 226
34 307
8 96
27 389
13 27
14 454
42 404
19 282
12 1
38 292
13 178
24 111
26 71
48 169
34 158
11 46
47 305
11 419
16 455
7 75
32 350
19 374
32 298
10 464
26 58
34 336
41 44
37 283
11 497
36 267
12 200
9 443
20 422
3 371
42 353
29 384
49 405
39 395
47 483
3 358
38 246
40 286
27 296
19 465
42 360
25 218
35 129
38 383
4 365
48 414
17 347
27 86
21 459
48 186
40 281
25 183
38 325
6 225
2 382
25 456
17 414
36 135
31 190
19 49
29 271
29 243
19 201
47 404
10 332
26 36
32 193
20 55
22 363
27 426
50 244
36 307
30 354
13 297
32 470
50 281
25 495
41 480
16 288
42 460
40 98
1 28
35 353
46 315
50 149
19 46
1 328
1 198
15 281
21 328
25 285
13 165
23 18
19 127
25 287
50 374
26 100
23 304
12 307
44 398
38 19
25 288
30 463
33 463
38 18
45 286
27 39
39 141
14 413
23 247
44 250
38 244
32 246
38 19
39 465
1 199
31 301
47 360
47 95
15 329
13 498
35 5
33 464
38 382
15 33
17 149
36 18
11 443
46 208
11 70
33 182
44 442
27 356
4 160
20 228
48 385
34 258
11 94
5 329
24 87
22 273
24 201
29 94
39 63
11 181
15 190
18 233
21 460
48 38
2 414
9 187
36 296
31 179
9 67
3 228
29 23
8 27
45 415
49 105
1 21
3 360
2 365
16 379
35 383
8 75
6 15
39 226
20 303
7 415
34 399
29 243
47 387
31 109
47 43
21 178
21 455
29 162
3 390
38 102
29 25
48 133
12 399
18 281
5 424
26 427
43 374
14 193
11 372
25 468
26 120
26 89
19 59
26 23
13 247
9 87
3 362
50 43
31 54
15 49
1 345
4 475
31 324
6 247
47 292
34 425
18 263
7 47
32 20
22 270
38 157
1 27
11 194
40 369
24 120
21 211
45 185
45 36
20 215
43 413
35 255
13 375
9 213
48 152
13 487
11 369
24 412
42 482
39 74
32 82
31 388
14 67
5 359
34 57
32 456
19 199
2 234
21 402
48 489
4 39
50 335
20 149
47 117
6 275
25 71
24 337
3 145
31 69
19 230
50 464
20 206
24 280
20 364
6 206
30 374
15 488
31 153
31 180
20 242
47 428
18 370
39 100
20 67
42 288
34 470
48 93
45 7
38 424
34 394
16 96
4 127
14 22
45 341
4 255
43 445
25 495
18 131
7 197
34 483
7 221
18 328
48 442
5 181
15 278
27 135
7 365
42 14
16 245
43 465
4 392
5 393
42 128
7 287
24 290
10 281
43 115
23 402
34 32
7 3
38 252
33 407
8 77
22 344
38 498
12 5
46 499
44 414
2 500
25 454
30 14
19 18
18 167
20 173
34 160
49 274
23 420
44 286
24 19
49 401
36 383
5 456
3 347
29 145
12 239
25 65
39 94
37 397
4 327
6 115
36 12
45 218
23 325
36 353
9 297
42 491
12 450
1 276
24 379
33 364
43 280
5 426
4 390
40 363
19 284
13 84
45 15
43 358
27 68
35 199
8 8
7 328
32 216
27 404
41 259
31 155
3 98
39 290
6 61
45 35
13 396
28 449
25 249
8 467
43 439
50 106
24 456
42 63
33 351
44 391
12 58
21 401
16 48
12 250
48 365
11 448
41 205
30 325
11 178
31 367
49 296
2 406
40 380
42 475
14 478
25 105
22 187
1 125
28 62
42 462
11 447
5 239
45 321
32 345
42 492
16 349
23 141
4 490
46 488
7 262
4 62
29 230
15 374
2 161
29 167
3 268
21 343
27 429
26 313
36 368
36 57
14 444
47 342
33 193
43 492
17 96
17 426
26 242
9 238
33 307
37 188
24 102
45 459
47 204
30 436
1 193
23 164
28 299
18 146
11 108
7 315
42 108
38 116
12 495
46 351
3 198
37 116
47 432
45 71
28 23
5 56
45 290
7 416
21 466
44 40
3 392
23 495
34 420
24 293
47 258
29 294
45 105
31 297
6 164
48 82
36 119
6 317
1 227
33 66
2 78
9 110
45 28
13 263
17 136
47 426
20 400
47 282
41 219
11 242
47 172
50 422
31 138
12 67
35 398
49 475
42 17
12 65
36 251
16 489
48 196
43 99
18 305
50 293
29 217
43 311
27 5
17 383
35 104
11 15
29 13
40 178
46 17
42 406
5 189
16 159
21 462
37 333
31 200
24 295
35 190
1 101
15 451
43 288
8 436
12 215
9 124
26 215
1 403
50 27
12 160
49 331
23 79
29 223
17 394
13 382
4 421
38 136
34 354
32 322
29 79
25 495
39 39
44 18
41 3
28 389
50 246
25 446
47 383
12 486
37 449
1 374
10 104
31 239
3 106
41 216
30 385
1 493
31 1
5 126
16 488
11 97
3 239
23 256
47 125
24 221
36 161
1 45
33 146
23 110
7 449
38 223
14 460
47 387
37 387
7 248
37 62
25 110
34 256
14 247
26 145
16 67
49 52
38 37
25 492
23 498
44 231
22 150
19 148
39 443
41 83
4 397
17 383
38 153
11 15
1 7
9 312
25 466
32 16
41 263
3 204
37 14
48 295
41 306
48 366
20 144
8 138
41 89
21 20
5 207
7 246
25 155
30 453
40 268
38 497
40 18
14 14
28 413
30 453
36 497
36 63
6 272
20 126
28 142
17 317
1 250
49 259
46 92
7 350
36 89
1 357
1 394
38 58
36 391
23 430
21 312
45 234
26 313
40 6
39 39
46 386
33 276
45 96
39 4
33 338
18 73
34 387
12 481
11 141
35 157
29 380
24 416
20 238
19 38
33 464
14 4
25 471
24 295
25 27
37 290
34 123
50 366
45 243
1 78
27 259
32 440
12 59
10 362
47 28
50 3
31 202
23 254
15 441
50 17
35 96
31 449
37 309
17 405
25 300
41 159
24 376
7 26
32 395
44 239
11 481
13 300
22 333
22 214
9 186
43 210
21 223
10 481
20 210
19 471
3 292
6 212
18 233
6 433
19 444
11 355
1 478
8 293
42 429
5 214
45 119
15 333
36 328
16 259
5 321
17 407
31 80
3 229
33 40
4 277
4 126
42 350
50 391
2 173
45 388
12 449
9 244
23 2
14 180
15 95
41 171
3 459
14 481
45 156
11 176
43 160
11 192
22 317
47 89
3 94
7 321
36 299
44 215
37 110
45 283
8 260
20 367
47 312
42 194
16 51
34 178
15 306
8 78
28 237
39 1
5 410
24 355
6 1
18 160
46 459
42 176
1 309
47 116
14 176
6 434
24 108
42 240
36 250
45 326
31 137
4 442
32 360
25 178
48 167
30 34
34 413
41 82
49 232
5 148
42 126
38 5
1 369
4 282
27 175
27 344
11 414
26 38
48 371
2 375
45 438
25 156
42 320
4 316
23 206
20 461
41 334
17 292
47 466
21 41
8 134
21 409
41 222
19 118
39 288
18 340
47 243
9 132
22 121
16 26
14 76
50 8
21 350
5 184
18 235
4 397
48 34
4 210
44 57
26 102
45 235
39 243
3 312
18 371
30 78
7 410
12 414
29 483
13 13
20 338
30 268
26 98
35 445
34 113
1 60
44 256
13 194
5 268
23 193
44 493
11 393
48 19
11 268
16 117
30 378
50 127
48 419
33 171
49 8
46 382
40 229
22 424
34 426
37 477
9 471
40 311
10 55
22 420
45 353
27 363
39 432
28 416
23 349
48 254
16 395
26 334
26 179
6 75
50 28
11 469
47 346
49 92
33 392
16 350
1 403
42 317
23 365
50 119
37 306
39 445
24 200
34 367
33 150
17 477
1 206
22 47
48 485
13 208
19 447
21 231
13 223
32 52
27 279
22 470
1 56
40 184
42 21
47 446
17 466
23 58
22 264
50 282
31 492
46 437
30 49
33 304
30 11
16 112
4 210
34 48
50 223
11 98
35 300
23 215
10 380
46 407
10 414
2 208
31 86
9 363
48 415
24 151
41 40
8 467
14 10
4 238
11 260
22 335
25 391
35 145
25 9
35 443
24 274
41 470
2 440
28 414
24 181
13 267
41 252
6 474
38 379
11 113
15 139
30 188
6 261
46 491
49 233
12 260
49 426
34 434
21 393
18 307
32 391
43 317
17 427
42 118
38 450
47 223
22 190
11 175
7 260
30 311
15 277
41 248
24 185
40 269
16 282
17 357
10 296
29 376
33 323
45 486
2 270
35 193
36 164
19 56
15 218
50 162
44 17
27 405
43 348
18 22
47 152
3 123
13 375
33 440
3 434
29 417
1 295
20 293
35 107
34 293
42 242
22 363
1 162
14 295
36 169
40 476
44 371
12 369
9 160
39 317
6 148
21 284
31 197
17 60
40 75
40 115
34 82
39 136
11 100
21 18
27 420
26 465
48 315
43 220
8 454
26 444
43 236
50 322
21 211
9 204
14 325
18 112
33 33
42 272
38 165
25 486
28 59
43 351
44 57
14 441
37 216
12 365
33 176
34 353
40 453
17 48
7 87
45 221
49 164
42 128
4 54
43 438
40 179
36 265
21 379
39 131
11 96
27 474
46 65
43 82
35 133
34 485
47 366
31 129
48 449
34 375
49 17
12 63
39 123
23 260
13 369
14 484
20 88
39 195
38 222
3 121
29 396
45 137
14 395
5 313
29 371
37 43
22 389
34 64
38 181
33 439
17 394
47 89
33 161
44 438
8 472
17 8
48 11
50 275
43 238
42 439
42 201
41 414
19 137
37 471
3 442
31 60
9 55
50 433
47 143
45 202
19 210
17 415
16 24
3 463
23 249
14 108
50 35
19 10
21 401
17 100
29 90
9 393
17 388
9 389
11 166
32 276
9 404
13 67
49 290
31 206
