11 19
4 28
43 65
5 53
42 35
7 50
36 21
21 37
25 19
2 3
36 68
41 14
50 60
30 51
4 12
36 29
14 27
50 48
31 61
42 49
24 64
42 9
19 22
37 44
17 70
27 50
39 55
32 26
26 1
8 63
2 13
14 10
9 20
36 46
18 32
30 43
43 47
18 30
37 44
22 29
6 5
4 36
21 49
47 52
4 19
42 3
9 6
34 8
16 39
48 21
24 34
32 12
33 28
31 50
44 55
48 13
6 18
5 61
33 45
21 14
31 56
14 35
28 12
44 4
34 33
47 55
35 51
8 45
26 3
16 59
45 40
8 1
23 23
34 40
38 51
29 32
45 47
24 16
28 23
22 56
27 54
4 39
37 69
43 55
31 32
30 7
14 45
38 69
24 36
40 6
50 65
34 61
7 64
23 27
28 29
31 42
9 37
43 65
12 33
12 31
20 50
21 39
11 29
15 7
9 56
29 29
5 69
45 58
29 10
30 7
4 49
8 26
2 15
41 24
9 45
44 27
26 64
50 70
48 26
49 30
19 18
17 37
17 28
36 29
30 50
45 11
21 70
39 23
40 24
31 49
36 8
11 37
6 30
2 8
16 7
39 60
19 4
28 8
16 37
3 18
26 49
37 46
27 49
32 30
7 42
31 36
44 26
50 70
28 14
1 39
5 20
49 57
24 44
15 21
47 55
8 70
38 62
43 69
1 8
23 45
