23 70
41 32
42 72
24 41
45 11
27 61
7 24
36 64
29 54
21 55
17 84
40 15
47 5
19 8
48 12
15 8
35 55
47 61
17 55
33 82
2 61
41 17
42 38
23 56
49 23
9 72
20 41
31 22
48 53
33 13
43 13
1 32
42 79
36 80
21 23
9 9
36 86
50 48
31 28
49 34
36 75
1 46
44 24
44 29
47 66
16 90
12 86
25 70
34 44
9 67
33 86
30 6
2 32
23 38
37 17
23 52
12 77
49 53
34 64
47 49
41 9
46 82
4 87
47 51
32 15
40 25
19 20
11 75
20 32
10 70
6 43
10 6
23 1
19 15
2 81
1 17
46 67
6 24
49 11
13 70
42 20
33 79
48 41
35 85
1 30
36 12
35 84
47 84
44 58
24 30
46 16
34 70
8 6
41 33
4 23
32 76
12 87
18 59
3 8
20 80
48 24
39 52
37 4
6 2
48 10
18 70
28 58
10 1
35 57
1 52
31 77
27 13
21 76
37 34
9 66
6 52
18 23
46 42
49 67
13 72
10 78
22 80
22 34
8 20
10 76
33 25
10 82
32 86
3 63
22 51
42 29
17 65
20 22
25 72
49 88
41 2
35 33
41 80
9 11
35 24
40 27
5 85
25 25
29 71
33 7
11 14
7 29
1 12
26 84
24 79
19 77
34 89
2 72
8 29
29 78
28 61
24 52
49 3
4 87
14 9
21 24
21 71
2 60
42 69
6 78
34 60
49 31
33 86
3 80
40 5
20 18
11 4
2 86
26 53
44 56
7 41
18 25
19 72
27 72
27 2
12 8
15 3
1 86
11 45
30 32
13 36
36 30
35 85
18 71
25 32
