32 2
17 6
29 3
48 1
38 8
35 38
2 43
10 39
6 36
2 21
38 45
29 18
41 15
23 9
5 25
16 47
36 29
2 4
29 29
25 10
30 14
49 3
9 15
39 11
39 17
11 36
26 27
30 4
23 37
42 16
48 2
1 39
25 49
12 37
33 8
23 19
2 17
34 30
13 29
7 37
20 43
24 43
24 18
43 41
5 36
44 15
6 46
40 47
6 37
17 9
18 43
18 50
2 9
13 41
19 4
5 15
47 33
32 20
40 21
31 9
1 9
15 30
19 29
25 15
40 21
19 48
12 24
39 4
7 27
42 35
27 38
18 42
21 47
41 7
32 47
37 21
7 31
1 35
46 11
29 21
33 29
2 8
10 37
25 31
7 14
3 5
16 27
37 34
41 9
45 28
41 46
47 34
26 34
10 12
34 48
9 42
25 14
16 26
1 35
19 34
4 14
49 34
36 1
41 20
24 50
8 13
11 19
50 2
21 47
7 31
11 9
34 20
44 20
39 28
37 37
47 13
37 18
20 11
5 24
8 40
