48 46
48 51
8 69
33 46
36 23
31 7
29 31
25 46
48 56
45 18
5 52
44 27
9 20
42 70
47 55
1 57
37 27
33 40
6 52
34 38
14 35
46 23
48 34
27 18
34 45
13 54
3 32
43 43
14 5
1 30
50 68
20 8
2 20
37 15
9 29
28 55
39 68
29 7
11 2
19 12
18 57
5 47
21 48
38 11
26 31
23 20
20 30
6 67
9 15
15 62
46 46
1 6
22 55
18 69
39 56
22 62
16 23
27 70
35 44
50 18
28 5
38 16
9 40
41 56
44 43
42 35
28 65
31 60
13 31
15 51
13 69
48 13
45 7
19 28
7 15
8 69
26 61
34 33
8 25
6 29
34 16
22 28
42 44
4 26
6 36
6 38
50 54
12 28
2 59
42 41
11 24
22 34
1 63
23 25
33 56
38 43
6 7
7 60
21 25
46 42
7 32
33 41
49 60
4 11
8 11
15 33
5 69
36 33
39 69
32 57
40 20
44 6
19 60
1 11
18 5
44 26
18 57
49 30
7 53
8 31
47 27
41 5
18 61
39 17
15 2
29 56
16 42
10 36
19 38
49 23
2 7
24 13
22 50
5 45
39 57
1 66
5 31
22 24
8 64
18 14
32 54
19 36
12 43
7 22
21 50
18 70
36 3
22 64
43 50
29 49
