37 189
17 716
38 716
35 35
15 406
24 399
30 890
30 28
20 59
42 769
12 445
16 365
37 419
18 123
10 676
23 489
40 542
31 230
25 158
31 29
8 248
17 262
19 661
4 76
34 678
12 825
24 381
6 245
10 645
1 278
23 482
11 892
43 419
22 715
21 226
17 719
28 34
30 537
39 57
50 414
9 197
39 95
27 311
40 421
36 268
23 288
29 400
4 382
14 281
4 392
30 895
21 619
43 849
43 66
11 807
7 451
50 468
10 93
31 476
16 282
42 698
38 37
18 157
27 564
8 530
13 278
19 113
43 77
40 182
1 4
43 628
3 791
49 483
49 89
36 672
25 282
2 770
39 831
48 474
30 410
7 88
39 155
33 821
44 332
49 891
19 409
15 397
36 365
35 797
12 259
25 290
33 177
39 329
42 237
46 517
30 590
34 552
41 598
32 400
36 100
31 118
37 736
32 264
40 490
46 739
1 709
11 590
49 474
35 875
43 184
41 364
28 849
4 76
39 42
42 220
40 863
18 595
50 585
23 39
18 630
45 710
48 285
10 704
28 47
16 551
43 733
34 199
13 343
12 438
33 40
42 859
15 160
16 765
4 269
1 74
17 812
28 599
12 34
14 536
14 625
6 286
5 388
48 270
38 339
19 647
8 172
12 875
12 674
25 53
24 220
33 797
44 158
26 719
22 636
14 89
42 580
31 634
24 543
48 804
15 51
23 523
32 247
42 83
25 866
27 770
2 67
47 541
23 81
7 872
50 604
23 138
36 812
41 703
30 860
6 260
35 126
17 896
1 335
36 319
17 282
9 294
26 214
45 714
41 565
31 84
29 764
14 433
42 190
2 199
4 515
46 549
41 790
50 528
2 533
46 339
6 103
27 2
23 53
36 320
5 351
43 89
39 881
20 140
26 419
30 53
9 553
38 236
45 674
39 19
27 786
47 845
38 449
23 776
19 471
30 388
1 91
9 686
45 624
30 440
20 698
34 592
20 331
16 474
13 892
9 543
5 669
45 8
4 250
9 95
29 835
6 433
26 70
34 682
15 120
39 839
18 298
46 890
12 536
30 608
32 101
26 129
43 375
30 467
23 263
13 671
37 313
31 441
8 819
10 457
18 392
7 10
4 352
17 637
34 171
44 666
36 348
25 6
27 23
19 120
41 536
24 446
27 859
13 383
19 55
2 788
38 103
26 496
50 15
17 188
50 899
20 286
40 624
36 279
8 806
12 594
31 291
6 728
4 255
15 649
14 286
1 328
40 316
38 627
5 501
36 628
35 528
7 446
43 657
16 570
42 510
17 5
35 288
9 132
35 767
46 241
30 477
27 515
6 51
26 469
34 131
29 731
37 260
20 50
46 435
37 243
7 423
21 283
12 556
11 676
25 32
29 52
4 647
32 318
6 339
29 401
12 405
44 587
30 884
23 639
49 215
7 579
20 87
17 194
10 79
18 755
1 827
47 243
28 158
47 378
6 547
47 285
16 339
22 317
6 27
30 280
48 48
22 213
21 682
26 42
23 605
36 472
14 349
16 590
49 46
12 572
5 496
5 572
47 706
27 768
11 526
16 364
45 543
40 624
7 517
18 158
37 422
29 190
10 491
14 292
25 598
25 253
5 750
35 226
5 166
8 871
31 498
31 294
8 510
15 210
10 81
1 782
43 400
4 311
44 555
13 571
17 16
3 841
41 460
2 115
47 644
15 813
2 204
16 650
9 590
37 185
18 61
8 310
4 392
33 282
50 99
41 542
44 591
14 443
23 867
28 885
27 486
48 586
47 880
34 128
43 599
49 754
15 17
2 200
40 247
23 1
46 93
23 195
5 401
44 643
18 370
21 442
18 412
1 187
24 814
26 478
21 152
42 38
28 885
19 554
1 90
1 790
14 654
2 277
38 407
18 849
21 160
37 268
25 748
12 246
42 862
4 644
45 622
2 356
16 867
19 20
29 308
41 856
4 845
27 13
32 415
40 661
50 633
22 816
29 138
20 317
40 744
10 261
34 293
33 336
11 309
40 425
34 354
37 608
15 758
28 810
37 340
46 550
36 193
8 623
32 675
14 16
10 411
27 704
38 637
21 578
7 217
32 529
21 690
50 512
17 553
48 173
13 597
45 601
42 496
24 121
27 556
47 92
25 519
40 141
44 473
31 743
43 298
28 115
12 204
32 845
33 822
13 149
19 22
40 450
16 76
29 398
44 371
24 542
18 678
34 375
46 278
27 802
1 895
23 687
39 546
31 210
43 746
34 82
45 507
23 437
40 385
20 89
43 163
24 269
24 610
2 737
13 40
31 346
17 886
4 125
15 641
20 681
49 876
38 609
37 200
28 162
8 334
17 822
50 159
19 181
30 259
15 366
5 878
12 806
10 117
37 780
36 137
16 791
26 434
45 134
48 716
21 718
17 509
44 827
39 179
6 748
9 530
11 654
31 717
16 275
31 108
30 542
23 10
3 616
8 557
24 514
12 487
49 129
6 857
15 251
21 323
27 603
34 564
32 373
19 728
35 140
7 111
19 236
47 611
6 119
32 845
3 522
43 90
45 782
22 183
14 701
38 871
8 363
46 778
12 325
27 218
16 422
13 741
26 86
16 618
7 80
33 700
38 486
15 314
50 750
33 518
4 11
38 312
42 455
40 110
33 597
22 220
1 740
29 39
28 78
48 7
17 753
5 470
31 333
40 29
44 735
33 223
37 855
38 194
23 203
15 12
27 326
26 497
50 839
34 509
19 23
29 264
1 837
44 561
20 13
21 250
24 410
31 727
2 559
5 179
38 350
14 464
24 541
20 32
5 229
45 836
32 592
30 88
11 873
26 386
4 273
49 320
30 397
40 775
47 132
11 308
24 92
10 208
9 368
4 624
44 404
36 828
27 384
38 678
1 410
20 257
15 121
25 767
9 520
45 830
20 757
41 100
17 467
43 95
16 887
39 295
37 761
47 523
41 652
9 141
42 531
48 809
11 438
6 690
42 345
37 540
19 218
25 656
42 6
38 618
5 15
5 675
2 146
4 192
7 683
5 186
32 893
34 605
11 524
7 5
32 8
47 788
30 710
3 198
45 269
20 743
14 648
26 726
30 358
37 452
30 800
35 656
8 281
29 753
25 18
33 853
46 830
14 400
33 752
34 207
42 343
20 733
25 862
36 5
19 80
37 802
5 702
50 770
23 780
1 639
5 526
11 256
43 478
24 446
32 280
43 400
47 582
44 607
25 751
5 58
4 760
12 26
22 73
4 656
30 697
34 309
49 364
35 769
45 791
10 801
8 345
23 94
38 421
21 468
44 175
7 744
26 33
41 830
32 425
33 348
35 36
35 858
12 66
6 39
17 175
28 1
6 896
37 576
10 136
43 653
11 494
22 685
7 75
11 419
31 123
36 845
43 439
45 227
6 619
45 591
42 644
26 271
6 464
18 668
9 742
7 179
26 6
25 267
5 468
16 782
34 110
28 633
9 249
11 771
43 882
12 640
35 252
14 219
35 640
7 604
28 208
21 692
6 344
29 541
5 286
39 379
10 189
17 30
13 428
13 265
29 159
6 652
13 450
19 658
20 106
21 281
17 412
16 52
42 458
46 260
25 271
2 517
16 118
34 158
43 15
41 729
35 129
8 127
35 124
43 566
29 43
30 67
37 381
17 811
24 340
2 50
13 596
14 769
16 396
45 830
24 123
42 385
1 593
5 890
30 296
28 443
18 812
46 764
4 777
28 482
38 703
16 893
3 472
44 689
6 275
44 309
6 768
35 81
10 405
5 602
15 143
6 423
33 888
36 892
14 896
49 892
26 597
7 733
40 588
14 54
47 672
47 602
1 376
30 207
30 674
47 867
8 461
10 190
2 702
13 109
12 440
40 10
16 211
33 714
12 301
24 793
47 250
34 15
41 188
26 166
40 750
24 324
31 809
7 610
20 831
42 862
46 598
48 284
19 888
48 234
21 79
7 141
50 422
42 626
12 392
7 463
32 291
26 184
7 781
30 248
48 832
40 448
2 638
34 842
14 836
21 198
12 284
50 42
28 297
35 181
7 546
47 299
27 838
12 186
19 379
45 261
30 315
11 276
13 211
46 83
9 443
48 303
40 838
23 338
49 506
23 646
31 185
30 700
25 371
36 281
12 853
16 203
49 603
16 209
29 606
40 797
3 54
38 304
24 889
36 359
29 897
50 701
24 419
18 345
17 811
50 892
16 4
7 127
24 896
19 244
31 897
32 81
35 628
33 244
6 642
7 640
37 247
11 326
25 219
15 458
33 424
26 855
28 718
42 583
13 705
40 37
35 454
46 683
30 654
39 481
38 659
1 320
8 186
15 429
10 461
23 6
43 546
22 557
42 26
19 81
26 523
48 475
48 215
44 290
21 370
20 226
15 296
3 518
18 325
9 7
15 596
24 180
50 575
29 805
34 150
12 22
34 660
46 893
10 515
44 108
36 319
35 544
40 738
22 277
2 526
47 207
43 768
8 391
4 320
25 350
3 33
3 41
11 489
41 76
45 882
7 96
20 746
30 870
18 778
28 406
43 497
19 682
49 264
34 823
29 409
15 62
48 321
22 727
38 307
18 856
43 16
50 314
25 41
48 221
34 256
7 552
24 456
25 254
39 100
21 558
9 659
23 49
47 478
34 660
10 533
32 87
32 514
27 575
22 468
3 894
14 406
4 564
24 596
46 374
2 371
15 369
45 848
2 725
40 570
45 216
31 692
15 205
33 357
4 769
29 894
42 562
15 52
46 828
43 782
44 439
35 842
12 313
18 712
32 829
11 160
6 77
11 177
47 725
32 611
50 555
8 783
48 618
18 822
47 233
39 164
1 46
15 152
49 568
39 897
25 618
28 421
20 880
45 588
23 443
26 122
24 299
20 271
20 590
43 71
17 187
47 820
42 648
12 589
31 380
13 133
31 545
48 633
43 312
11 833
14 281
15 603
37 282
8 70
42 334
50 273
22 67
6 729
38 112
33 290
43 125
21 754
19 732
24 429
22 185
9 530
21 551
49 58
16 542
46 157
37 857
29 680
45 499
48 467
42 281
42 28
40 273
23 635
32 788
28 754
40 341
29 176
28 782
27 844
40 162
14 226
22 873
23 840
10 212
47 558
16 413
20 588
11 725
6 820
47 754
4 756
41 44
26 417
43 126
13 336
35 607
46 184
14 777
7 184
24 733
3 127
19 618
37 12
20 811
32 302
21 361
42 621
18 208
32 450
22 463
17 564
40 525
21 557
20 156
25 869
13 629
40 318
12 120
35 773
7 221
29 481
40 3
2 199
11 750
47 232
33 293
33 288
12 597
15 401
4 553
22 411
42 132
7 142
18 636
17 380
6 221
8 589
18 352
5 604
19 844
4 60
26 666
41 582
22 106
7 544
10 732
11 222
5 257
50 646
4 366
16 686
18 688
26 172
26 748
22 520
28 708
22 784
33 749
49 42
1 536
22 174
3 405
39 164
9 41
16 639
10 322
23 870
45 272
11 218
6 801
42 624
23 413
24 683
31 340
23 776
11 291
43 219
42 867
3 10
19 84
44 481
20 256
14 641
22 107
14 618
18 511
33 280
9 189
25 186
29 74
27 19
33 539
25 189
3 503
43 259
2 718
7 19
14 581
27 797
13 847
1 876
22 347
12 214
40 523
48 187
36 618
19 313
20 222
22 40
43 763
28 517
17 106
20 105
26 171
20 702
4 313
13 406
38 391
25 450
37 727
34 823
24 540
20 145
40 31
40 159
10 647
10 740
27 427
17 230
42 8
24 861
28 638
36 372
23 354
4 773
41 299
16 642
11 294
49 803
11 290
41 747
26 223
21 879
45 191
28 654
12 608
43 492
3 792
32 867
26 269
1 272
23 419
43 191
25 801
32 75
37 429
49 405
8 218
4 750
12 814
36 448
18 411
37 94
41 185
22 613
24 898
44 477
45 257
36 739
26 255
17 273
39 42
43 691
45 819
5 806
1 763
11 361
31 358
16 860
3 187
2 862
43 353
46 628
48 40
34 455
11 791
3 284
15 768
16 636
36 48
19 630
29 342
37 686
32 799
12 213
47 32
25 124
6 658
22 773
44 67
45 837
16 485
37 132
23 731
24 556
22 655
32 222
20 209
5 574
32 411
30 443
7 627
36 784
47 436
46 786
49 716
14 778
45 410
31 621
2 43
39 280
17 640
42 760
43 290
6 767
4 169
50 71
43 456
14 152
44 256
17 366
50 303
48 261
12 450
20 302
42 843
40 689
9 134
25 395
46 178
37 59
49 772
6 449
12 442
19 421
16 797
24 304
31 773
36 649
33 407
4 395
18 721
49 427
43 615
2 762
50 476
8 846
16 773
42 78
33 62
48 328
37 824
33 763
3 214
34 718
34 125
16 366
25 482
23 578
10 298
43 846
37 301
27 465
30 332
44 531
20 419
4 851
32 4
26 783
46 413
22 188
15 539
4 893
41 779
26 143
37 429
48 629
19 854
31 461
3 29
30 16
26 189
13 184
8 755
5 373
13 867
38 632
46 38
22 649
18 348
43 631
43 133
32 495
17 61
9 830
10 402
9 526
50 675
22 741
45 857
29 233
26 598
42 394
43 401
30 343
1 89
48 641
4 341
50 723
8 170
6 216
5 254
27 162
32 52
29 480
7 377
16 150
24 349
6 620
47 610
5 710
1 22
24 429
30 720
2 875
35 634
39 409
24 334
47 694
47 703
23 166
28 209
15 770
50 197
31 838
33 769
39 875
1 105
44 29
7 98
37 134
40 831
11 198
23 376
5 291
15 117
43 87
23 238
29 750
20 535
21 422
32 153
39 814
37 727
44 25
21 156
35 755
39 548
10 36
32 754
50 445
27 895
18 696
49 837
35 89
32 227
29 139
37 336
25 758
6 69
31 744
34 363
31 865
3 771
26 2
48 832
37 313
16 511
33 414
23 749
50 509
36 701
30 113
27 517
45 252
46 227
14 12
32 300
21 650
48 516
40 5
40 743
24 432
25 460
38 20
40 41
28 203
13 562
49 707
49 128
8 491
34 573
16 759
6 375
5 667
44 640
42 747
22 900
43 366
39 353
7 273
44 99
4 741
12 632
1 867
47 379
19 697
7 619
49 595
35 591
38 731
28 464
32 459
46 36
49 573
2 682
25 203
48 659
7 257
33 547
1 699
30 342
20 560
26 671
1 817
3 491
48 580
11 331
41 9
8 543
16 117
19 581
22 208
46 236
8 201
41 183
6 652
6 111
22 457
18 490
37 593
37 328
49 11
50 420
27 403
4 565
14 632
48 93
31 239
6 610
36 41
30 866
22 495
37 537
27 175
2 872
15 338
4 885
14 739
33 536
46 800
7 697
39 352
16 138
40 623
32 256
28 252
49 458
4 802
25 609
29 228
30 317
38 262
26 54
22 739
29 340
48 385
9 450
32 338
3 753
15 51
7 443
31 796
46 797
50 452
1 729
24 701
15 126
35 47
20 832
19 881
21 728
48 250
46 732
9 138
47 746
39 37
7 245
29 447
3 757
3 547
30 544
50 839
17 276
31 752
28 564
40 171
47 260
8 754
28 696
44 397
50 141
18 415
13 376
46 504
14 531
8 898
6 369
32 625
38 235
38 92
38 509
24 655
19 124
29 743
1 224
42 390
47 281
35 260
5 475
20 30
32 390
18 316
30 786
5 648
36 837
40 504
11 82
12 672
28 234
10 700
31 868
25 844
39 524
23 307
47 734
21 442
50 421
10 533
1 50
27 574
9 298
20 555
38 661
1 76
49 109
49 830
39 421
37 827
12 164
17 256
8 478
17 74
14 44
43 420
25 524
44 176
25 717
29 381
26 705
34 204
7 474
12 88
14 143
47 429
12 763
46 85
22 438
37 563
44 402
23 682
14 529
28 863
48 175
45 309
39 668
34 784
32 485
8 49
9 364
9 396
17 772
31 239
15 763
7 6
24 153
6 332
38 348
45 669
24 895
40 646
29 195
50 775
44 327
42 679
49 334
44 32
24 162
35 233
49 342
45 255
25 349
41 833
27 427
46 276
42 373
31 254
30 130
3 343
15 175
29 841
12 319
38 633
10 156
29 624
48 814
24 425
27 573
48 160
49 757
23 697
21 350
34 383
9 84
22 487
23 368
45 45
44 216
6 122
12 311
35 396
2 822
38 797
14 96
8 564
39 169
14 122
45 409
1 410
26 205
35 630
4 78
47 304
40 513
6 554
25 899
7 336
48 468
47 639
33 321
26 806
26 752
42 652
49 703
25 191
37 392
6 672
7 12
29 366
35 761
38 668
48 883
10 737
43 467
3 391
6 335
26 527
48 292
50 768
17 687
46 743
46 778
9 707
15 474
35 343
30 65
28 145
12 743
28 24
7 578
40 99
15 234
6 429
11 427
46 162
42 757
30 300
40 252
3 522
49 459
50 422
36 345
15 307
16 469
36 815
10 618
33 407
36 676
22 63
22 889
9 204
50 309
30 669
36 720
24 705
2 734
36 551
13 19
20 347
21 272
21 756
25 404
39 430
18 334
23 666
35 845
45 431
31 340
47 862
19 124
46 636
15 74
11 604
49 392
8 838
41 565
30 104
48 818
1 757
43 411
21 323
3 526
20 381
19 90
28 281
40 710
12 404
29 657
1 495
28 198
45 841
29 594
35 367
26 796
25 652
29 882
20 672
39 760
38 625
47 85
8 511
10 548
43 807
9 468
28 750
45 634
31 492
14 791
50 639
4 609
7 171
39 892
40 427
7 605
46 250
16 28
2 695
44 144
10 119
48 299
33 499
38 286
25 383
14 68
2 617
36 699
39 27
44 20
7 653
21 420
43 107
1 613
36 540
7 817
4 184
21 362
13 890
8 527
30 281
44 893
23 896
35 773
42 418
16 605
19 525
18 101
39 391
24 117
29 160
26 133
23 281
30 54
15 237
15 14
24 603
44 753
10 254
10 569
27 72
18 47
5 876
9 508
12 529
15 773
26 839
23 798
27 894
27 863
46 440
8 153
31 387
11 143
29 822
7 203
37 394
7 45
34 589
24 295
42 126
9 473
45 66
49 153
24 273
50 874
10 425
26 174
33 54
16 147
28 890
24 624
1 148
44 817
46 48
19 497
33 235
13 302
48 193
39 113
37 5
44 389
35 54
25 594
33 17
32 645
27 817
41 633
8 368
43 130
8 397
15 117
7 665
14 707
12 45
8 648
12 864
34 415
42 572
46 330
39 414
39 663
19 87
47 32
27 361
3 572
9 678
19 373
26 106
22 849
23 672
50 493
47 807
38 782
22 123
26 800
23 260
24 700
8 454
5 716
2 140
34 575
42 307
44 580
1 206
43 832
45 372
24 487
25 665
33 784
17 502
32 539
24 238
48 858
2 678
9 11
43 238
47 710
37 710
16 799
39 96
2 334
45 853
39 221
22 774
9 255
34 780
29 494
36 172
43 463
24 654
40 761
22 497
37 67
48 223
8 861
32 731
25 232
41 869
24 709
33 828
50 771
30 346
18 317
7 733
5 625
19 158
23 811
42 819
39 689
6 72
36 804
5 311
8 472
21 798
17 99
5 565
40 825
34 782
7 644
2 646
15 591
3 340
34 440
48 668
32 246
34 170
28 759
9 627
37 269
39 557
47 540
25 822
20 667
12 508
12 816
47 380
45 103
43 263
33 423
45 722
15 574
10 663
50 664
43 860
42 114
40 378
32 645
38 861
36 615
11 452
18 713
16 406
23 43
34 719
40 201
42 753
32 21
25 758
27 489
11 120
13 380
48 381
18 83
50 454
2 111
21 293
25 545
21 385
49 640
5 167
8 403
42 344
23 698
11 447
33 867
34 762
1 73
13 662
41 288
48 829
8 326
46 148
10 386
41 207
32 278
26 42
46 236
15 222
9 160
46 6
20 539
4 389
18 659
28 803
1 485
2 663
21 308
1 344
45 263
41 360
34 797
12 484
6 11
31 456
33 856
25 260
36 173
11 334
49 672
40 159
42 816
20 847
17 173
3 530
23 631
36 38
3 232
8 194
30 88
11 602
28 643
27 756
13 521
48 288
5 741
26 566
37 647
21 614
31 778
45 521
50 90
14 841
1 784
15 281
49 779
31 639
38 27
47 428
17 741
3 790
9 696
8 740
23 717
43 359
11 193
1 208
30 179
33 250
31 32
49 320
18 536
18 484
6 55
11 765
39 553
6 562
43 250
11 597
37 494
4 230
29 94
9 855
23 54
45 544
8 632
36 417
15 163
46 671
16 511
36 79
42 247
45 669
7 298
41 870
3 567
1 104
6 486
41 847
46 617
41 360
49 297
45 780
46 848
31 76
43 177
25 168
49 399
42 254
34 169
2 710
39 339
21 271
25 75
3 10
39 744
35 26
32 18
5 425
44 92
18 498
12 136
16 784
15 5
47 752
25 789
28 426
49 730
35 748
48 161
2 56
11 122
42 444
44 412
15 670
42 172
21 288
35 542
6 245
18 292
35 448
31 201
1 629
37 819
41 569
33 25
28 764
26 828
50 722
10 540
8 590
21 483
38 152
26 92
35 898
34 473
38 56
8 859
44 291
26 503
6 302
11 484
19 214
11 824
17 388
49 309
3 571
15 665
50 439
50 362
36 406
48 599
8 895
36 806
30 283
31 3
18 883
14 849
44 758
4 6
10 766
10 372
49 576
23 690
26 282
47 306
4 30
46 259
28 751
10 579
4 426
19 139
27 797
10 197
20 267
31 792
31 513
48 889
39 850
27 161
21 647
38 122
15 6
2 266
1 566
31 493
7 134
20 669
23 676
41 885
9 136
33 776
29 633
9 677
46 626
41 107
32 838
25 745
1 581
10 13
10 450
37 612
31 352
28 81
43 210
33 128
43 621
9 687
39 537
44 290
43 570
5 727
33 739
4 12
19 259
46 472
11 620
21 45
17 567
41 671
40 434
32 226
9 654
13 790
38 353
14 451
48 652
15 367
7 868
48 750
11 160
35 166
45 838
12 112
41 425
32 482
1 421
43 218
48 366
14 759
5 374
15 855
28 798
23 514
41 127
10 184
17 424
41 830
50 17
46 880
33 56
25 705
10 248
20 374
25 426
35 170
27 823
33 422
18 626
49 544
30 231
9 584
19 303
46 574
38 1
19 226
1 439
47 119
38 490
43 586
15 618
13 802
28 625
45 114
17 255
27 168
45 317
3 593
39 711
33 231
32 777
7 285
7 51
20 624
6 463
3 571
33 756
32 379
47 524
17 486
46 222
9 625
49 653
36 717
35 881
15 878
12 626
44 683
16 871
22 161
26 656
38 594
1 289
47 307
45 359
22 133
19 10
37 685
2 180
44 523
36 852
38 785
36 464
16 815
46 609
50 421
12 557
12 177
34 814
34 605
36 90
49 857
29 657
19 432
18 199
45 457
36 546
17 150
19 306
42 763
17 20
18 280
32 132
29 489
28 13
41 28
34 841
31 10
19 363
33 210
14 609
47 343
18 494
20 260
23 399
27 822
39 149
34 50
47 793
35 433
27 685
29 650
17 862
41 870
26 724
12 697
40 528
21 880
10 585
38 540
28 291
9 439
40 46
4 189
10 270
40 338
9 56
38 674
24 494
25 783
5 337
42 82
37 548
46 641
15 220
11 735
43 727
47 333
46 202
10 841
2 162
44 72
36 805
27 296
38 510
2 392
39 268
25 572
35 320
28 75
49 270
13 677
45 268
40 857
25 13
14 127
28 64
39 20
10 355
33 99
42 490
37 398
49 52
44 131
24 538
33 656
9 89
4 399
42 100
24 474
9 64
18 382
21 508
18 442
22 537
29 892
15 434
50 650
17 148
45 515
25 689
36 510
46 760
48 101
22 343
27 558
31 483
20 426
27 561
21 863
35 639
38 133
41 70
5 569
5 750
16 412
29 884
27 199
40 33
9 755
13 656
35 664
4 591
42 463
19 312
22 654
17 748
11 105
13 213
36 752
46 122
13 49
40 839
38 398
21 93
49 378
37 122
49 552
22 203
25 416
37 451
4 480
25 511
40 512
27 16
38 211
17 596
1 608
19 80
48 335
46 347
30 146
44 642
3 711
37 348
42 802
10 762
29 880
39 329
6 668
27 666
12 796
3 458
6 76
37 79
26 761
20 510
31 323
40 858
21 490
18 626
13 587
30 645
1 288
25 662
17 310
33 49
42 48
14 855
26 543
33 181
27 562
13 330
4 460
30 421
36 732
4 27
14 91
46 625
31 332
12 144
50 785
2 103
38 489
13 642
6 366
1 409
21 874
46 218
46 214
13 728
48 100
37 314
44 833
46 282
35 471
42 405
35 481
34 351
28 755
9 105
21 376
34 770
13 576
4 426
45 825
41 154
1 430
18 513
39 103
21 347
27 394
15 239
43 631
19 289
17 172
5 228
13 349
23 234
49 333
48 638
9 141
15 657
22 575
23 896
43 455
28 387
38 625
6 29
50 105
26 412
13 425
39 877
5 634
7 773
41 371
30 724
25 336
34 688
42 880
38 826
45 442
16 5
18 592
20 485
8 488
40 395
35 459
6 620
32 471
43 661
48 77
26 57
16 641
48 119
3 215
15 601
6 696
41 878
11 529
7 613
47 328
29 1
46 306
31 41
22 609
31 157
28 749
4 636
9 412
38 391
48 136
6 97
11 322
18 550
24 841
33 826
50 541
36 318
1 899
19 749
13 543
18 601
29 610
8 847
47 203
28 106
24 899
2 293
18 29
37 809
7 501
7 591
18 697
7 687
10 791
24 135
32 750
50 43
42 275
6 609
33 743
20 442
32 638
21 191
12 505
18 287
29 121
34 521
12 833
32 414
7 41
29 785
8 725
19 294
5 200
16 664
48 557
44 206
17 388
47 90
24 693
30 133
19 566
26 487
39 448
22 833
20 331
40 444
37 542
4 298
45 172
36 448
35 882
5 597
13 400
10 83
12 572
33 470
30 340
16 774
42 886
27 878
39 117
34 414
43 758
21 518
42 758
25 368
40 314
32 340
13 593
2 686
3 397
19 662
34 875
45 648
42 399
16 70
28 490
48 114
5 389
44 882
40 630
47 405
29 530
22 116
21 728
11 834
16 67
24 731
6 839
42 879
14 487
20 120
39 44
47 3
44 307
37 358
41 38
28 566
39 190
17 479
6 59
42 35
41 25
15 559
20 75
47 401
31 14
28 513
15 794
49 442
22 45
5 794
43 250
22 256
29 342
38 720
10 78
33 857
17 425
34 819
25 826
22 859
43 897
45 848
15 461
43 455
5 333
49 154
31 299
1 475
32 763
50 825
25 205
50 175
42 775
35 819
2 410
24 883
14 564
23 658
15 363
42 192
26 815
26 392
12 224
4 499
45 797
49 376
27 734
16 557
5 389
9 109
15 273
14 360
14 420
5 423
50 540
33 268
49 739
10 82
6 125
27 125
47 304
50 235
41 768
37 407
37 318
47 628
30 559
7 477
27 322
17 400
11 438
14 640
1 671
3 280
33 444
42 859
32 54
41 280
21 253
17 46
38 656
13 4
6 182
44 234
3 116
7 92
8 778
49 53
35 450
48 342
24 888
40 137
16 400
4 793
48 606
10 566
27 283
26 5
28 828
7 718
12 617
25 521
43 190
45 93
42 895
7 423
40 411
31 258
26 400
44 894
25 85
46 717
34 650
41 197
41 164
21 677
12 531
4 426
24 498
27 77
27 481
22 636
20 375
6 63
8 857
36 58
44 429
7 59
12 900
40 333
20 628
25 18
50 478
36 418
15 396
2 25
35 717
7 95
3 257
39 135
29 160
15 95
40 820
2 586
12 259
33 296
6 2
9 837
46 489
42 594
9 573
12 223
24 581
45 533
14 676
26 46
12 772
20 111
30 577
11 793
3 881
6 600
47 623
13 244
20 879
38 173
33 331
27 816
44 900
37 616
2 15
35 492
8 825
25 678
27 325
24 368
33 448
33 473
8 741
35 370
45 732
35 547
28 421
3 142
9 375
31 687
7 483
8 865
37 9
5 423
32 405
49 53
50 46
39 807
17 677
3 580
3 258
45 822
15 831
45 145
25 133
20 826
3 868
29 259
49 209
31 416
38 877
45 487
22 506
36 721
28 741
9 899
10 12
47 579
48 211
31 284
33 173
17 527
34 366
21 603
44 489
33 247
7 503
43 487
50 135
45 320
12 353
6 630
4 682
6 436
13 215
40 602
1 614
32 500
36 444
22 611
28 430
16 788
38 50
4 475
34 204
31 242
47 564
16 39
40 633
50 130
35 353
21 773
2 787
44 421
29 697
33 598
17 656
31 234
3 580
40 624
50 245
47 857
44 669
42 70
34 454
32 237
25 775
47 331
46 241
10 700
9 63
13 47
7 91
6 262
42 725
11 187
31 506
16 241
46 589
24 528
31 39
47 538
3 761
24 108
14 895
16 364
24 603
9 351
31 516
33 675
29 399
44 443
48 305
9 195
32 892
18 541
23 676
46 69
10 107
29 628
13 726
26 17
2 491
44 706
36 239
38 751
34 287
6 97
11 799
39 864
44 343
6 576
17 302
30 557
50 88
23 46
25 755
35 430
19 541
10 794
46 860
23 140
28 680
43 336
49 469
41 815
45 616
17 182
5 438
47 831
16 211
46 600
7 10
23 801
42 655
45 431
5 362
2 475
46 194
19 248
39 892
15 14
21 616
22 311
43 114
3 786
40 487
45 406
44 336
41 622
6 616
32 787
23 384
49 797
12 540
39 127
18 671
14 693
50 821
23 855
31 552
21 387
15 98
38 497
11 278
25 740
25 494
19 565
17 287
16 710
20 704
45 40
24 63
26 479
29 395
39 836
19 756
12 866
11 418
17 353
24 287
43 345
25 458
41 80
20 532
2 144
28 430
16 344
36 744
48 302
11 827
47 450
15 417
49 513
30 153
44 597
20 64
49 44
15 407
47 850
1 245
4 863
5 736
34 396
49 678
43 874
12 842
11 664
6 400
24 337
25 405
6 183
35 815
16 507
36 815
20 864
10 209
50 703
41 705
21 718
24 105
31 473
18 817
29 384
11 64
23 334
15 50
7 588
46 528
22 643
19 745
33 578
11 315
10 747
48 499
34 520
6 727
25 499
3 119
38 469
3 770
45 143
36 680
48 342
20 832
31 168
39 439
13 355
20 474
3 446
18 726
36 745
27 809
23 354
34 307
27 451
35 620
6 516
46 104
2 94
8 246
2 566
4 552
19 49
21 414
24 270
39 42
18 6
47 422
42 99
38 273
44 54
46 179
34 772
25 282
19 865
33 96
23 34
12 601
14 542
37 628
7 100
7 213
23 118
50 893
47 18
41 609
26 667
17 640
37 604
34 883
37 647
2 886
38 719
50 9
29 148
39 520
37 497
43 767
19 146
20 187
12 137
33 686
41 848
44 478
36 176
5 435
21 352
30 800
27 692
26 777
10 748
32 590
34 346
16 183
40 452
10 639
27 214
19 646
35 645
42 732
42 363
46 147
2 123
1 89
4 648
31 294
11 751
40 50
44 451
4 430
46 51
15 429
49 455
4 338
4 134
50 178
42 435
47 569
37 171
8 359
33 896
5 722
35 776
12 617
34 339
34 522
19 734
4 787
17 427
11 516
19 263
28 634
24 210
22 87
29 621
6 817
46 433
13 290
50 557
31 31
1 232
2 753
45 436
20 336
34 371
22 9
18 857
3 879
14 773
11 393
18 760
45 223
19 6
46 381
45 708
37 390
40 657
22 591
50 282
12 633
27 811
40 186
13 174
23 154
50 689
45 851
23 129
1 522
2 61
19 334
23 347
42 603
37 243
31 386
42 317
43 577
45 547
10 868
13 799
24 335
21 736
10 409
24 615
12 786
39 109
18 435
18 527
42 205
14 495
31 767
27 55
27 634
8 468
7 555
34 689
33 702
1 817
37 364
31 69
21 624
26 860
2 87
46 635
42 345
46 118
10 618
8 104
35 848
30 37
43 257
31 309
37 698
28 668
8 226
9 588
37 456
1 50
2 692
9 354
39 392
8 811
42 670
13 185
40 541
7 34
11 183
44 80
45 781
39 810
27 85
36 347
42 417
12 334
46 63
44 893
17 693
35 54
37 68
38 388
40 203
17 370
23 65
8 504
18 668
28 407
40 369
20 617
33 191
8 316
25 458
16 72
9 579
46 159
49 389
28 447
35 450
18 636
7 583
5 343
12 667
27 444
40 802
17 263
34 372
50 691
4 428
45 706
46 503
22 679
41 284
35 125
16 134
12 75
12 23
17 110
50 684
32 880
25 776
40 522
44 585
18 530
40 45
31 237
20 795
32 783
17 167
19 761
4 476
42 837
20 452
34 282
27 40
50 552
24 772
44 566
9 338
40 478
8 68
28 485
23 68
46 885
49 505
24 174
16 390
23 160
42 349
6 691
5 22
32 506
29 579
3 205
32 16
11 213
38 53
9 409
24 479
31 189
49 892
7 355
40 245
34 522
13 858
47 16
7 304
17 475
26 451
17 6
15 39
12 424
15 346
49 614
46 97
38 92
16 322
27 602
18 120
8 773
42 888
34 345
15 382
16 92
32 351
14 774
37 805
44 693
37 523
24 741
40 206
15 435
3 271
44 573
12 564
1 321
48 363
2 199
27 538
44 766
45 28
38 749
12 591
36 577
9 83
14 392
15 10
31 368
23 356
1 620
24 581
24 16
26 146
18 73
49 654
13 490
34 526
19 250
26 328
14 853
45 26
40 167
44 502
20 41
45 779
39 111
48 564
37 726
2 424
4 596
3 131
32 45
38 846
8 255
4 415
19 428
23 703
22 172
48 369
7 172
48 562
26 442
25 304
7 185
23 498
37 86
20 726
16 802
21 167
25 389
27 631
22 82
42 684
6 402
14 631
31 46
21 543
29 115
2 690
43 53
47 400
37 494
33 218
16 391
10 777
10 155
33 109
15 637
1 680
2 45
6 611
33 275
16 356
50 53
26 122
24 821
9 364
19 676
8 721
29 551
20 361
17 823
43 481
30 403
46 486
28 603
42 20
26 469
5 153
50 96
29 725
44 150
42 887
21 684
37 438
29 75
22 872
46 362
14 756
49 16
40 307
40 612
26 102
23 850
35 773
37 487
34 314
34 495
41 239
30 622
33 254
19 332
11 295
29 797
23 434
21 228
34 787
47 39
47 654
5 594
46 633
13 104
11 561
42 259
45 43
39 561
39 668
32 705
40 77
24 784
26 54
25 288
25 34
22 862
17 706
26 1
25 846
38 5
24 105
7 663
27 252
9 323
42 138
12 511
15 398
39 704
20 524
2 51
33 569
7 667
42 190
44 335
7 652
26 806
50 25
11 560
30 479
50 411
25 689
47 774
10 48
38 343
8 412
49 220
19 767
18 554
14 126
21 516
18 302
22 639
2 181
26 357
24 545
34 472
37 30
42 676
36 647
11 294
32 622
12 595
19 791
30 79
12 227
13 870
29 549
10 376
7 551
6 852
19 744
32 730
47 682
1 142
12 383
34 72
9 318
45 108
33 831
12 13
33 367
1 294
8 586
21 432
42 835
48 595
17 379
3 475
50 217
30 470
13 558
47 480
24 28
49 659
37 878
37 590
4 184
30 218
21 62
11 176
38 354
3 831
14 610
3 676
1 604
29 252
47 443
45 132
12 7
24 480
19 158
44 782
14 172
40 601
35 221
9 177
31 498
30 534
42 516
28 750
33 612
21 864
24 131
29 308
41 872
40 635
41 627
50 538
37 120
48 419
1 108
22 175
34 51
3 650
12 603
25 895
23 661
49 19
31 888
2 140
3 80
48 589
33 806
39 165
8 526
16 595
23 298
18 19
26 468
28 890
47 689
24 841
8 862
28 349
26 688
6 829
5 341
41 485
39 394
46 490
6 143
34 867
19 727
40 223
36 668
19 462
12 150
4 783
36 272
7 291
5 25
28 314
46 193
17 184
13 337
41 758
38 819
17 645
11 805
20 449
31 265
20 292
40 97
43 301
4 734
21 171
13 672
36 814
41 394
4 417
46 337
41 407
16 30
43 185
21 436
21 56
16 850
33 565
12 454
2 153
29 471
21 839
23 420
14 236
49 843
30 583
2 308
45 833
42 849
15 62
48 401
41 417
5 882
50 38
15 753
16 74
30 253
50 578
16 285
7 16
25 508
1 567
42 445
47 34
36 885
21 217
45 763
42 780
18 491
24 867
15 48
45 27
8 333
26 38
35 45
21 896
38 166
14 470
24 504
49 543
2 373
28 881
41 236
18 196
48 480
20 605
30 361
24 355
5 731
8 285
42 139
4 444
21 576
4 534
19 877
16 722
27 268
31 781
26 602
41 777
50 368
37 884
40 832
28 38
11 211
45 190
29 23
46 258
44 92
42 243
49 844
29 449
21 47
46 227
32 630
25 764
34 299
33 892
29 869
49 310
34 42
14 225
14 147
42 628
16 327
44 218
17 141
19 288
49 603
14 501
16 1
32 243
2 95
43 63
17 302
18 786
17 501
21 290
35 566
43 841
13 574
3 281
20 128
12 727
3 353
8 863
21 883
12 668
30 480
34 547
14 662
15 836
21 278
44 814
19 810
18 621
39 387
7 597
46 107
2 864
41 115
31 248
42 868
38 752
2 168
6 93
10 51
29 473
50 193
4 255
2 531
38 361
37 563
23 154
13 709
46 747
11 192
33 322
12 402
34 776
36 791
48 808
34 262
40 824
45 532
36 424
49 58
24 16
42 486
40 560
35 890
43 267
32 7
9 851
16 651
28 259
46 369
39 828
1 560
32 181
36 760
24 392
35 268
34 717
3 845
24 466
11 458
20 222
26 762
10 754
7 878
11 82
35 317
38 445
43 53
9 870
8 174
9 192
39 310
3 604
1 544
29 816
34 894
6 377
27 485
14 635
15 249
9 563
29 212
1 376
20 417
46 130
34 312
49 146
14 498
31 298
28 770
25 655
43 467
17 187
14 146
13 428
21 205
12 501
26 98
10 574
26 825
45 270
24 498
49 174
10 785
13 122
28 856
19 374
26 815
46 412
2 800
46 506
41 412
22 93
18 133
16 294
17 189
7 333
21 108
14 290
45 528
43 102
14 740
14 153
36 16
6 197
23 871
1 380
27 44
13 830
28 271
23 37
7 260
27 199
27 52
31 80
30 268
13 151
34 123
19 527
47 656
26 492
49 387
17 262
4 99
33 416
31 348
15 713
45 444
43 695
5 720
4 111
45 419
13 809
47 214
1 763
6 225
11 276
24 626
45 534
15 597
11 163
22 117
22 764
15 427
49 307
12 43
16 615
49 856
12 253
5 330
45 638
41 30
13 477
31 16
32 860
18 596
11 155
2 676
34 146
20 626
21 294
27 57
36 51
10 133
17 133
45 160
23 590
44 20
18 828
1 147
37 773
19 850
14 292
46 841
27 264
21 851
32 653
20 351
6 165
44 693
38 711
7 508
5 7
15 149
18 828
43 176
7 783
18 322
40 344
13 535
39 121
33 424
29 74
45 673
40 411
14 647
30 174
36 385
39 622
22 309
21 311
9 538
32 635
39 703
8 849
1 85
38 481
8 50
21 208
36 803
12 662
36 468
9 258
45 40
33 260
35 720
21 181
26 39
20 31
14 837
30 278
21 424
18 104
47 743
40 330
34 882
10 755
32 214
16 804
16 444
5 133
30 145
47 100
24 519
49 288
36 27
42 76
11 620
12 644
11 550
7 727
21 172
9 367
22 577
3 688
18 243
26 57
14 758
25 408
4 291
29 219
50 563
45 723
27 367
1 390
10 634
48 97
47 530
47 651
25 240
33 190
47 348
42 200
6 57
20 702
18 847
36 363
10 171
4 161
47 813
5 473
50 822
27 482
7 823
25 38
15 545
39 814
43 305
26 858
22 829
43 175
29 775
8 748
39 785
12 874
45 514
3 728
45 540
14 435
4 447
7 548
45 92
20 70
35 426
30 515
6 342
14 150
14 196
29 199
16 71
6 260
28 785
4 64
40 473
19 50
44 293
23 168
41 594
30 893
39 482
50 516
30 452
20 890
10 746
8 279
17 87
49 513
35 318
12 68
32 501
3 895
5 576
43 741
14 780
7 159
38 272
3 626
33 210
17 85
31 421
5 161
6 4
34 77
37 693
1 115
28 68
19 32
28 844
36 799
16 200
25 769
12 895
44 558
41 30
46 892
21 74
31 337
42 258
2 670
6 547
46 358
8 393
8 177
2 232
26 750
15 145
4 615
34 898
34 273
5 273
5 63
34 248
19 590
7 823
25 824
1 172
18 293
26 560
30 433
15 44
32 119
26 184
15 723
44 676
17 411
31 445
14 218
26 3
21 97
42 207
11 660
39 454
48 702
39 33
40 343
2 491
2 764
30 112
48 597
16 381
46 888
1 780
4 487
4 564
8 811
14 557
38 295
22 335
27 729
2 390
34 888
28 382
8 487
3 59
43 16
37 680
49 47
15 351
46 200
49 168
19 96
38 171
17 576
46 233
27 328
9 514
19 335
43 632
43 772
49 180
27 125
48 579
5 61
23 808
10 345
26 278
10 432
26 847
19 661
22 56
16 523
46 390
26 622
27 92
31 656
21 247
23 656
28 339
33 494
13 215
3 181
8 500
35 378
31 800
23 898
47 120
47 268
15 611
21 861
4 316
42 344
3 270
13 178
36 130
50 867
4 747
2 322
45 803
43 450
33 301
16 748
20 3
17 859
30 419
15 801
14 807
25 351
49 300
21 623
4 306
7 620
39 5
39 420
41 2
38 192
14 329
1 513
18 136
11 603
10 56
24 748
32 1
2 364
22 617
43 758
50 284
28 534
50 372
11 299
16 263
43 751
40 593
46 51
6 174
49 645
23 826
20 238
28 41
5 488
27 539
39 567
30 600
34 631
43 202
47 25
21 102
45 162
43 44
15 829
1 681
29 603
26 533
2 763
35 218
3 635
34 70
38 73
6 430
40 591
33 334
43 646
33 709
12 663
43 56
12 720
5 32
10 515
2 707
15 168
1 151
48 739
14 242
48 3
27 489
21 459
37 557
35 843
40 738
35 259
39 420
29 456
33 199
20 701
13 494
29 689
14 609
50 106
42 89
7 39
36 811
25 410
25 452
20 601
31 292
6 377
46 561
27 788
28 470
27 605
16 487
26 553
22 741
18 351
30 9
24 748
40 28
43 753
35 43
1 719
21 176
25 576
36 794
8 390
2 66
24 501
23 627
48 722
47 827
42 236
24 352
10 666
18 769
43 842
31 704
2 879
29 803
21 546
24 758
23 646
37 566
4 438
3 777
26 806
21 896
8 815
12 557
13 684
12 531
9 793
16 329
37 801
13 603
10 355
12 774
17 668
36 81
26 655
47 341
44 382
18 60
6 639
41 438
11 8
48 127
26 500
50 10
10 879
41 415
43 474
9 754
9 899
37 217
48 817
41 458
14 511
50 210
34 203
30 289
47 702
38 73
8 348
11 839
43 544
39 832
15 507
3 743
37 81
16 352
2 689
8 186
38 215
22 502
5 52
32 446
31 463
41 285
26 274
27 460
34 449
10 841
5 372
28 835
19 815
12 284
11 588
18 323
27 483
20 609
8 771
7 808
49 832
28 840
31 725
40 764
12 434
44 386
6 261
23 724
1 577
36 543
42 764
45 597
27 356
1 471
33 600
13 703
23 162
4 888
44 654
1 494
39 243
4 582
33 441
33 360
37 176
31 47
31 481
32 746
36 52
24 774
26 386
19 71
24 581
16 858
26 100
42 546
32 608
38 536
41 893
48 365
11 581
21 386
34 855
35 406
6 83
10 566
4 792
35 547
10 10
6 892
49 346
38 340
39 79
42 676
42 418
39 712
40 723
27 71
29 257
35 567
44 348
15 769
25 767
42 190
12 627
50 824
21 859
22 110
26 26
4 790
32 381
14 77
8 537
41 592
2 274
44 773
36 201
42 499
34 659
1 727
21 577
23 747
42 36
18 674
9 228
20 689
8 672
10 531
46 595
34 336
40 68
24 623
48 701
9 507
15 535
41 271
33 729
17 794
45 118
42 122
50 316
5 793
16 387
26 721
33 429
17 222
41 102
22 171
39 434
9 798
32 684
19 335
2 436
36 468
30 75
29 78
27 275
34 243
9 129
23 795
18 472
50 420
18 465
39 344
24 866
32 391
39 346
50 584
27 640
12 116
50 367
48 282
44 678
7 524
31 415
25 407
20 348
16 436
9 237
1 518
16 463
45 824
31 430
32 204
35 358
18 260
31 283
32 389
30 771
29 58
44 662
5 134
5 459
36 95
12 278
5 900
13 649
23 184
16 481
30 116
34 307
12 756
12 595
16 739
45 138
49 830
44 315
1 410
27 79
24 535
10 337
9 138
2 429
28 404
48 37
46 822
14 282
35 533
16 782
14 620
35 47
10 457
18 486
20 303
40 446
30 707
50 273
14 49
21 210
19 882
4 24
3 19
44 40
6 331
10 662
33 411
30 270
31 242
24 122
4 498
41 233
19 876
38 89
45 48
11 588
47 293
39 427
19 468
43 551
18 430
7 533
39 812
8 248
28 469
4 440
24 475
8 163
11 623
33 760
15 492
16 380
26 662
30 527
18 455
41 250
21 320
15 683
27 819
32 705
49 774
4 606
1 162
31 75
30 167
11 440
42 171
35 773
20 519
32 708
13 52
31 456
23 431
7 837
47 836
3 893
16 553
8 754
4 842
43 201
11 633
24 354
31 445
42 572
23 699
6 184
42 539
30 566
2 595
31 512
7 347
17 586
39 250
41 745
18 486
13 307
1 323
45 564
34 886
36 216
2 472
36 835
11 810
5 150
29 259
9 132
5 717
46 678
15 432
33 520
40 739
45 669
5 623
6 626
11 22
13 740
11 131
25 472
18 51
16 219
27 798
9 505
7 714
27 321
36 169
16 800
6 649
35 433
33 72
34 677
45 157
38 17
16 474
30 874
24 272
39 580
13 818
20 303
33 95
47 469
20 16
35 179
40 376
41 180
40 872
5 646
44 677
32 353
18 34
6 761
23 729
2 367
45 42
7 473
47 283
18 142
4 439
30 634
3 853
24 451
21 337
33 40
44 641
23 178
37 863
26 403
49 55
14 782
17 741
44 660
45 569
23 207
9 250
13 739
18 697
14 449
12 128
6 550
17 101
15 176
33 678
45 551
7 585
18 730
15 767
29 778
33 126
30 301
43 385
5 847
14 182
4 432
8 171
15 195
18 164
10 836
48 395
26 474
50 222
40 481
47 317
28 717
8 326
14 712
1 436
29 493
29 129
13 33
41 601
40 216
15 574
44 258
50 509
2 19
45 732
33 89
40 424
15 578
46 492
15 330
14 116
37 108
28 626
16 436
17 198
22 329
39 684
42 225
23 392
30 652
44 834
14 523
16 530
40 454
17 754
30 72
45 401
19 81
4 897
29 672
14 301
12 498
48 20
15 574
10 721
1 499
10 733
35 662
41 298
24 197
6 867
37 830
26 497
26 738
15 252
6 573
38 678
42 628
16 836
23 271
37 66
30 32
21 722
34 26
30 461
19 738
40 249
41 701
13 556
43 137
15 480
35 176
29 221
20 833
47 356
37 381
48 580
6 85
32 82
12 582
31 201
29 649
36 664
9 233
5 192
14 141
16 371
37 862
6 651
30 845
38 89
14 749
39 273
4 883
1 668
18 576
29 475
25 808
18 710
44 306
13 763
18 273
3 241
26 291
41 495
11 608
30 89
31 80
26 350
28 478
46 469
44 195
20 188
49 714
11 30
18 651
21 475
31 839
23 292
14 110
6 714
20 59
17 605
11 543
9 374
20 393
34 297
4 731
15 119
31 214
6 38
29 299
4 863
50 654
42 403
11 228
13 705
18 184
7 683
32 169
20 602
18 578
12 809
30 740
35 368
22 528
45 198
33 321
29 575
48 55
13 649
29 204
2 553
19 303
25 750
44 198
9 46
41 714
23 402
5 679
26 523
31 139
1 260
1 576
40 836
32 100
38 86
45 702
25 609
21 620
2 246
14 872
43 170
3 406
18 376
6 565
30 116
2 12
7 781
26 663
23 721
13 887
42 893
29 315
6 636
31 763
47 593
27 375
41 340
20 837
17 544
24 155
18 461
30 396
41 45
38 169
39 899
1 317
13 507
39 579
10 233
33 479
1 14
25 314
40 425
36 297
19 536
6 539
17 375
3 317
36 617
32 853
7 727
22 332
21 575
46 480
24 872
29 892
50 507
2 822
43 35
19 765
39 272
1 851
46 292
33 671
47 410
42 899
5 3
18 185
10 281
2 103
24 272
50 604
15 236
8 682
50 445
8 246
41 152
20 900
2 139
1 521
49 369
18 271
2 828
39 64
39 840
17 744
14 809
46 226
11 521
6 637
12 755
32 471
26 141
6 522
26 257
13 733
29 734
19 820
30 248
38 198
28 101
26 277
23 568
26 34
25 27
13 268
50 413
35 507
18 48
48 593
14 368
50 568
31 180
31 12
12 506
18 236
36 3
26 446
46 137
37 587
20 30
18 266
35 16
19 217
23 315
30 288
35 68
26 742
50 636
27 361
8 527
22 739
14 90
48 798
19 616
2 178
8 530
22 418
45 672
30 864
48 74
48 13
1 658
7 359
2 645
15 505
14 843
21 402
6 726
8 604
21 108
20 413
3 423
41 225
21 140
9 863
17 714
27 275
26 280
35 18
35 632
8 45
35 103
6 677
9 102
9 613
16 839
21 700
22 820
42 676
4 188
10 672
23 829
41 416
14 571
5 380
50 425
12 855
49 773
22 615
35 33
45 768
36 195
31 239
30 226
9 361
19 766
50 80
50 688
22 862
20 363
21 598
48 786
3 63
3 835
32 355
9 394
28 390
21 107
38 107
30 340
39 556
31 64
18 311
25 466
28 270
27 290
15 840
35 123
31 231
2 99
4 476
48 178
35 497
45 582
46 342
17 886
23 797
42 824
2 803
45 174
11 811
7 441
1 625
22 307
32 69
43 788
38 127
45 11
5 486
39 526
50 490
17 693
28 822
42 177
4 108
37 297
48 494
50 734
21 105
31 735
10 382
6 279
14 506
10 740
21 756
30 224
16 131
41 682
10 202
11 227
15 282
23 385
36 252
36 380
32 348
30 139
14 857
36 651
17 875
12 213
45 68
25 851
21 591
19 382
21 208
24 655
27 803
40 198
33 418
25 275
3 673
13 692
29 270
47 596
46 870
43 576
48 658
6 311
48 544
24 865
25 789
23 297
1 198
4 543
13 886
37 56
11 341
34 251
33 829
19 131
31 518
11 343
2 632
22 694
35 265
5 765
28 850
31 739
7 694
28 371
31 25
36 582
26 187
21 304
34 678
23 411
23 891
39 523
2 622
32 759
7 650
31 28
48 18
49 828
16 191
24 58
46 60
29 220
11 739
2 690
16 45
37 400
2 353
36 534
18 38
11 279
48 219
34 168
5 269
44 330
50 802
28 10
36 514
21 326
50 132
18 713
29 510
34 14
38 277
16 253
3 339
13 643
13 318
8 150
18 596
32 110
29 485
32 217
21 602
41 759
32 329
10 612
25 20
48 167
24 206
41 801
2 254
33 54
9 456
36 271
23 334
11 95
16 168
17 849
18 805
36 737
9 75
17 581
26 591
9 552
24 796
11 255
21 649
49 672
22 119
19 282
7 659
38 729
48 566
43 474
32 707
40 404
39 192
23 797
2 381
43 569
17 472
48 52
14 176
7 524
49 859
19 517
48 97
44 308
38 689
14 836
2 407
40 487
37 537
32 633
44 164
32 676
9 319
37 785
35 253
45 489
17 682
9 821
13 497
2 32
17 789
1 131
9 648
21 802
24 22
10 401
2 632
19 463
35 455
38 261
22 798
35 306
36 80
14 199
42 76
3 565
27 875
9 650
30 538
22 543
9 594
11 878
11 271
4 223
25 381
8 423
14 818
9 556
12 289
45 888
7 414
6 327
49 294
13 833
18 147
43 187
48 762
45 769
5 298
31 737
28 842
5 760
22 239
40 31
15 599
29 702
45 91
13 309
35 142
26 203
23 158
43 23
45 528
50 537
9 732
24 206
5 226
16 650
21 400
43 83
48 185
48 350
24 852
33 690
13 781
35 590
40 273
48 837
49 471
20 255
33 868
39 507
3 223
36 351
47 234
40 785
18 845
36 51
25 865
29 225
42 611
38 87
8 204
28 759
22 178
1 792
9 326
9 31
47 1
47 651
14 663
26 12
44 559
13 499
1 848
23 801
43 691
12 881
25 280
28 10
45 775
15 746
37 297
10 188
35 876
8 90
43 880
37 714
44 654
30 182
12 853
27 603
2 652
17 191
6 517
24 898
28 402
40 531
1 519
21 23
33 149
39 856
45 67
18 264
28 572
27 245
34 327
45 321
49 118
48 720
21 313
42 744
11 339
21 522
35 598
38 867
20 391
14 192
8 430
7 23
4 813
4 53
6 386
28 557
47 655
15 574
8 328
22 606
33 334
20 603
45 699
39 634
20 391
8 205
39 173
37 151
36 303
50 754
40 453
2 424
11 716
50 189
29 149
43 357
12 172
48 194
41 420
15 304
21 878
50 341
23 374
50 780
31 596
3 328
33 123
42 701
47 571
38 665
10 720
6 152
50 399
44 225
49 140
4 103
14 254
16 747
22 483
3 878
32 807
32 392
28 373
1 137
20 755
34 327
25 146
45 726
24 511
23 609
23 664
37 222
16 392
42 110
11 268
25 640
49 331
17 525
28 838
29 84
49 122
30 609
37 320
50 603
19 641
14 379
8 117
21 770
3 502
35 96
26 114
17 888
20 452
10 717
45 376
8 607
40 125
2 701
19 27
29 529
11 506
46 385
9 586
18 756
29 267
6 46
23 179
26 96
45 248
6 726
6 254
34 815
22 533
18 404
48 742
17 415
43 760
27 12
18 292
36 43
46 855
1 635
24 719
50 14
47 408
28 880
29 41
37 754
22 38
19 384
5 36
36 664
27 559
13 22
49 140
40 859
36 519
26 879
5 7
50 720
49 77
8 139
18 406
12 889
28 541
3 166
6 32
16 291
43 513
46 394
8 419
15 574
46 424
7 630
44 267
30 688
4 205
9 223
42 582
48 896
41 192
40 242
37 178
27 562
24 438
44 670
4 873
47 150
11 743
11 889
26 38
30 114
44 814
40 756
36 575
12 450
30 204
5 276
46 532
14 820
24 120
8 837
21 782
44 229
31 324
28 464
9 676
38 123
8 862
21 10
20 335
28 390
2 672
31 184
37 814
3 482
15 613
42 44
12 726
5 831
36 248
19 613
31 605
46 578
18 533
15 834
24 542
17 109
17 476
42 390
13 207
44 558
44 550
13 49
7 59
15 305
30 186
27 323
15 896
27 773
37 133
48 895
22 29
48 106
27 292
44 446
33 225
11 685
39 169
35 158
29 680
9 658
40 769
33 84
25 879
46 207
13 618
25 519
46 46
27 62
31 664
14 333
12 700
28 379
39 584
28 569
33 511
35 859
15 106
17 777
17 245
32 785
13 405
38 60
14 168
19 820
24 689
40 473
24 472
42 551
21 696
39 642
39 95
5 888
35 243
9 175
43 795
31 91
50 352
43 483
17 670
3 147
50 462
30 84
35 699
13 573
28 577
47 79
44 89
42 660
6 33
47 820
6 649
45 520
1 145
18 859
49 75
28 757
44 625
4 230
11 620
15 797
8 391
31 613
43 661
37 679
12 872
29 359
8 835
39 868
48 55
36 510
17 524
8 10
47 597
3 296
25 368
20 685
14 507
3 409
50 523
19 785
10 452
45 146
6 408
17 154
44 71
42 10
25 623
10 547
16 802
15 396
43 776
33 113
36 458
8 387
14 525
18 604
50 824
10 222
42 188
48 781
13 894
49 95
39 135
43 75
30 740
17 540
27 114
27 411
24 498
39 369
2 50
34 873
5 659
12 19
7 517
42 851
45 772
1 103
1 261
12 898
29 894
1 862
32 286
49 176
31 407
13 619
28 654
49 181
6 483
38 11
39 148
25 848
20 270
26 729
22 509
35 751
34 762
40 181
13 889
1 588
33 194
24 620
35 242
29 11
35 663
29 153
41 142
28 179
39 462
21 93
49 42
41 477
43 694
28 78
45 563
41 679
22 93
30 68
15 823
3 353
27 760
36 476
44 652
1 446
18 674
26 613
42 800
46 343
28 484
29 443
28 197
10 272
1 612
14 590
48 162
11 136
5 680
33 833
14 620
1 837
22 452
33 522
6 193
34 632
9 40
27 329
50 890
48 635
25 272
48 573
32 314
43 487
23 614
18 3
8 726
22 308
17 799
38 645
13 187
38 501
11 602
40 644
18 298
44 312
14 29
10 452
36 313
33 321
38 692
31 257
14 709
12 199
43 793
43 482
7 233
5 864
36 62
38 456
1 899
44 221
18 790
25 475
10 888
32 602
44 639
26 697
35 879
32 117
31 529
44 264
48 872
1 881
44 806
19 81
49 252
17 669
17 187
14 389
47 827
33 289
5 562
47 881
1 362
45 228
50 591
3 873
2 535
22 254
30 804
39 237
40 291
49 749
10 692
27 884
47 711
42 84
45 739
43 884
33 860
47 367
7 42
6 827
32 94
48 126
13 93
21 614
11 837
47 389
35 684
3 257
8 156
13 859
29 25
44 4
3 691
35 430
12 58
32 895
4 316
15 483
49 616
46 742
48 214
36 596
15 543
35 831
33 502
35 295
37 314
48 265
8 718
42 526
19 193
25 812
21 93
32 766
11 182
14 360
17 361
31 222
43 454
12 370
3 390
40 33
7 465
29 235
46 97
14 239
39 267
6 266
2 823
21 590
3 148
4 770
38 337
8 325
12 748
25 860
16 842
29 417
41 411
4 50
10 442
50 469
5 830
19 211
42 317
44 700
9 576
21 202
31 478
15 807
25 464
27 834
33 175
38 709
26 714
40 549
49 125
4 170
1 653
50 708
23 270
49 174
9 15
32 466
3 699
17 137
37 231
38 95
25 413
8 270
49 127
24 550
45 512
12 280
17 672
42 174
8 261
27 388
30 281
40 222
12 496
32 619
27 465
25 635
47 746
29 214
1 842
38 321
38 507
22 478
35 761
19 193
26 227
4 45
22 358
45 245
32 12
36 396
42 92
31 426
37 641
21 558
27 229
49 121
38 464
40 621
27 591
24 535
4 263
36 69
11 823
29 340
18 540
36 300
31 424
14 672
36 342
45 2
42 634
15 517
24 426
23 602
48 164
9 868
28 230
15 561
32 38
43 691
11 451
4 140
48 596
17 461
28 797
1 77
16 237
24 788
24 401
2 498
25 286
3 569
41 140
37 849
4 452
39 481
17 360
48 107
27 698
44 625
2 120
28 809
3 704
36 18
18 3
37 882
12 312
38 184
10 498
21 315
40 892
50 365
6 793
32 542
28 380
13 850
26 788
37 288
30 349
27 199
44 289
12 105
38 382
1 670
9 548
13 412
19 782
21 321
23 82
10 709
14 496
3 489
40 733
42 234
47 151
4 847
42 281
37 546
21 873
3 684
33 172
17 428
30 375
4 501
5 590
18 649
11 61
7 103
46 426
7 866
25 739
31 601
50 153
16 672
50 730
9 3
33 576
46 282
8 107
24 50
32 288
32 678
16 703
1 858
43 695
48 872
43 83
3 629
31 222
9 615
21 764
20 530
30 343
36 465
25 709
22 219
13 435
18 705
31 501
25 190
12 183
46 208
28 703
15 118
38 888
39 423
5 565
15 328
25 391
6 299
30 6
45 322
36 695
15 432
33 446
1 48
23 449
37 138
20 392
12 715
9 549
24 506
3 352
47 120
7 808
4 555
5 244
15 517
23 679
31 582
42 49
22 305
15 842
19 830
41 418
17 828
11 75
43 440
33 9
32 793
33 192
20 209
45 653
1 521
25 441
14 467
24 66
22 335
29 172
29 130
28 487
17 816
39 52
49 228
21 313
12 760
40 377
32 415
48 427
5 517
10 525
24 377
28 353
20 268
44 49
10 539
44 721
45 871
44 138
30 36
28 836
11 482
45 390
8 862
34 30
15 272
20 703
22 172
30 751
41 486
9 156
3 550
30 67
22 506
18 96
47 448
10 310
19 306
23 619
8 805
8 897
19 384
20 417
48 817
42 289
31 85
11 88
26 631
35 290
11 203
27 893
41 485
2 209
12 262
38 875
28 209
42 231
29 787
39 566
35 18
1 66
8 60
11 612
16 538
47 245
28 206
22 879
14 53
22 598
25 227
50 882
31 202
19 437
37 134
42 418
45 596
42 526
19 154
42 238
6 608
34 426
34 526
19 422
22 447
11 779
27 782
46 575
32 248
5 163
19 821
22 829
32 829
27 586
26 383
44 512
35 40
45 314
32 462
25 515
12 658
48 596
14 262
10 544
22 626
23 629
41 716
46 552
17 251
31 640
50 280
1 665
50 175
2 649
10 858
16 113
35 151
3 853
28 358
42 118
1 622
29 381
13 5
6 449
32 887
19 190
48 624
27 624
17 779
2 302
25 387
3 17
16 140
26 880
32 591
13 68
17 102
27 47
16 735
10 363
12 553
22 742
39 215
48 136
34 600
1 81
14 736
38 465
37 109
20 416
34 759
15 686
6 399
4 402
37 558
15 655
14 261
19 506
43 382
19 42
48 632
32 886
39 173
36 837
16 666
5 798
39 511
19 775
19 737
12 581
33 607
7 727
24 335
33 418
20 497
23 852
11 638
40 563
38 768
8 760
36 308
17 558
1 144
36 52
21 603
20 645
10 350
46 650
9 579
14 569
12 593
25 599
46 606
13 560
12 141
22 235
26 78
9 863
12 578
35 181
48 720
9 734
32 242
30 659
19 355
41 47
41 40
16 540
39 522
18 443
37 544
47 254
19 563
28 564
20 295
42 331
12 764
16 115
5 246
36 478
11 151
25 718
18 316
2 513
4 464
44 59
4 685
16 485
10 38
43 235
27 844
25 85
2 781
3 540
41 433
21 500
27 377
41 871
40 437
34 737
32 180
23 672
5 377
6 474
45 42
35 22
47 395
34 231
12 246
33 825
18 667
32 402
45 888
19 121
12 407
25 485
34 504
43 451
13 47
14 716
32 476
11 647
22 729
26 289
37 493
18 876
37 803
10 311
44 541
28 299
10 897
21 580
27 803
25 197
12 813
50 315
19 832
13 35
33 842
45 853
6 799
1 329
46 438
38 818
2 3
37 858
31 173
44 510
37 27
41 181
24 87
8 207
17 282
29 640
40 637
19 440
18 80
8 577
2 832
30 224
13 194
43 113
33 843
30 738
36 361
46 243
47 892
12 460
48 884
27 419
4 116
29 523
26 415
45 658
4 70
36 478
13 300
31 123
3 682
28 811
5 362
14 509
1 202
50 101
25 448
8 294
38 878
39 331
50 712
42 718
46 21
45 23
28 302
27 643
42 559
3 387
4 414
17 382
36 800
37 497
33 309
25 406
12 62
41 784
38 138
41 864
8 151
39 19
9 328
34 651
25 779
4 789
3 771
19 716
6 367
5 770
26 96
39 123
15 781
29 723
26 159
21 235
17 792
8 246
10 207
38 224
1 299
16 391
12 444
50 270
15 804
28 373
6 777
5 782
33 15
50 620
11 30
33 25
21 48
8 678
10 411
4 568
23 228
8 731
34 162
20 840
19 291
18 351
31 631
14 486
28 466
35 297
40 536
26 707
43 467
9 894
3 546
1 712
27 713
46 273
6 357
22 470
12 450
23 149
21 232
23 722
22 212
15 757
28 65
47 231
20 727
22 270
23 633
25 141
46 716
25 425
44 626
9 155
48 269
1 710
49 673
34 313
4 225
21 244
47 230
36 572
37 718
9 818
25 58
27 780
35 851
9 852
23 148
25 878
50 410
10 414
17 456
44 650
41 507
46 219
22 393
36 434
1 33
44 396
11 822
28 92
6 469
1 717
32 558
3 278
48 261
50 94
32 697
38 404
48 491
37 495
34 299
49 218
49 473
39 531
36 384
6 8
50 858
44 866
28 564
27 460
40 894
39 868
16 543
28 606
50 375
42 859
7 394
20 741
44 816
41 638
33 599
37 346
10 222
17 364
25 851
43 618
37 367
11 861
43 352
34 815
20 844
32 407
13 507
22 843
40 824
50 777
26 856
39 421
11 488
47 709
46 230
12 524
4 649
49 845
3 583
26 31
41 686
2 714
48 11
19 383
36 665
48 344
26 34
30 820
24 50
29 370
1 441
21 275
7 275
42 490
36 631
29 199
3 725
28 437
40 548
44 243
22 623
30 750
26 130
45 216
24 560
11 39
47 272
29 328
31 800
15 371
34 166
16 597
36 866
16 67
16 6
26 337
13 7
24 485
29 101
47 641
22 91
40 444
13 818
41 443
41 72
13 636
35 508
28 284
31 247
25 547
49 121
11 495
42 666
25 220
26 642
17 660
46 575
32 847
25 796
39 328
44 566
20 361
29 854
12 346
18 585
44 424
25 297
48 748
35 799
15 865
19 900
40 285
20 198
16 110
28 450
46 745
12 834
34 227
11 780
23 415
1 858
22 442
39 232
44 72
13 65
25 284
30 364
39 864
49 845
36 874
7 776
10 355
2 268
9 705
17 626
15 355
11 725
14 111
20 526
10 718
14 111
5 626
36 89
9 174
44 727
9 490
50 177
1 271
32 320
25 65
33 840
50 228
50 760
17 183
3 273
44 770
2 49
35 165
26 858
25 324
43 265
22 821
5 304
24 269
39 828
23 728
35 41
18 536
1 149
8 310
16 276
20 459
22 465
22 472
47 143
23 692
30 760
3 229
29 586
50 221
38 182
27 308
3 89
9 251
50 520
14 380
45 395
38 702
19 780
41 558
34 255
15 657
30 430
33 532
42 859
6 73
3 441
13 382
15 140
41 715
23 596
25 330
35 102
41 547
15 511
20 400
26 39
17 862
45 475
28 814
47 397
48 876
2 678
49 406
24 14
7 817
5 26
22 168
5 699
38 262
5 440
33 495
27 346
44 50
42 150
38 228
3 179
7 608
6 28
49 394
32 262
20 293
34 711
34 522
17 560
6 786
18 441
18 735
27 270
23 87
33 272
15 747
2 378
23 246
49 223
2 391
14 280
44 802
43 501
20 70
33 299
1 667
50 637
8 390
20 898
9 116
37 496
35 466
7 353
32 428
41 811
27 318
19 709
22 807
25 502
13 151
7 542
22 652
36 340
44 155
4 627
45 299
15 260
16 124
29 278
27 301
48 769
25 394
30 784
49 93
10 643
10 645
21 385
5 531
40 624
38 71
3 163
33 127
28 815
7 665
21 82
2 582
3 567
2 692
13 226
23 411
1 749
18 81
18 369
12 849
33 102
46 249
40 820
16 776
48 567
28 215
21 38
5 691
14 261
23 400
27 733
13 223
32 309
31 605
5 893
11 773
50 313
4 898
16 419
8 439
29 265
36 533
41 193
5 327
48 132
50 607
9 340
40 269
32 134
12 40
48 122
48 228
23 28
36 734
49 11
47 124
42 30
11 365
12 104
11 705
7 59
4 743
36 395
10 355
12 65
42 158
48 88
37 17
26 213
7 543
26 136
8 197
4 570
8 686
33 371
49 289
32 160
30 507
37 243
49 467
4 352
1 59
9 548
48 459
30 348
29 821
36 491
16 739
10 221
28 87
46 56
40 711
4 151
44 489
38 518
48 83
40 221
42 626
34 325
5 624
23 604
25 864
37 397
25 557
19 110
36 142
49 786
23 602
20 113
10 872
11 10
29 745
46 594
47 560
7 715
41 273
18 418
50 768
2 76
9 136
5 174
39 544
13 617
43 535
40 850
36 38
47 120
5 69
43 625
9 215
2 874
35 232
40 137
47 250
46 313
28 372
30 793
17 632
16 759
11 236
20 206
29 169
9 797
19 230
31 241
1 198
26 322
36 730
34 679
14 115
5 138
5 634
31 108
12 183
16 516
11 363
15 562
13 872
48 198
38 53
21 424
19 429
37 740
45 887
46 329
26 735
2 349
36 257
41 734
41 562
10 822
12 264
30 34
4 324
16 622
9 88
26 710
32 293
37 598
2 553
27 374
14 602
7 631
5 607
33 393
4 255
41 772
9 515
35 706
19 886
47 454
39 396
35 412
49 809
37 726
36 470
14 644
13 139
31 431
24 435
40 591
48 213
2 787
11 560
33 15
48 497
17 421
50 400
8 831
42 759
23 170
45 271
40 680
13 327
45 313
5 777
41 818
19 532
49 827
50 247
3 804
15 572
7 796
24 883
12 651
3 750
2 808
41 79
19 446
30 477
21 463
7 10
45 457
47 380
16 164
47 454
35 63
25 227
31 557
6 780
46 34
10 898
38 322
17 225
37 42
31 5
7 353
44 760
13 262
29 315
13 721
41 731
31 375
43 578
23 225
19 504
33 561
32 698
20 622
44 125
10 827
36 212
4 92
12 793
26 269
40 406
46 19
27 100
21 662
7 231
6 75
32 873
26 655
17 417
6 461
9 43
7 451
2 668
8 154
29 54
19 561
49 61
16 139
24 849
46 212
12 670
31 732
10 55
6 270
32 180
14 387
28 762
32 184
24 458
49 392
50 133
13 246
17 533
16 290
45 419
48 176
37 133
25 227
44 75
19 720
23 547
31 756
19 126
17 694
36 104
48 601
2 546
44 397
27 352
15 121
39 31
16 699
19 835
19 29
47 642
6 532
23 709
50 554
17 39
33 94
37 185
26 257
6 376
35 661
32 761
19 875
46 373
36 433
12 890
50 385
11 495
6 812
23 151
2 446
12 798
42 736
41 27
18 772
28 163
21 480
24 581
9 335
32 179
10 414
10 568
18 810
17 339
2 310
43 566
50 70
32 659
49 533
14 790
46 308
39 288
40 778
24 372
18 424
4 812
20 654
32 838
23 344
14 520
34 387
11 477
37 151
25 214
33 448
50 695
50 319
32 315
46 697
25 112
12 582
14 509
29 230
47 361
36 774
26 425
12 4
19 528
17 318
37 407
47 682
47 443
12 841
17 713
39 232
26 403
28 386
16 321
43 452
26 511
9 867
42 379
23 233
19 636
2 470
17 500
1 642
14 186
2 542
33 785
43 631
4 881
11 250
10 10
41 695
31 421
28 440
16 709
35 514
26 51
36 825
7 749
5 411
50 665
33 457
23 573
42 222
47 762
49 662
3 646
18 217
25 895
38 434
33 891
49 825
42 683
2 532
3 655
12 365
47 759
33 256
13 244
6 558
41 706
5 875
41 333
10 180
14 457
26 94
27 290
8 1
40 454
24 586
26 234
43 303
48 682
16 878
12 439
10 824
50 623
19 556
41 237
7 108
2 598
17 528
45 621
8 409
37 759
7 859
13 105
49 617
7 249
6 526
35 752
13 778
33 770
18 747
39 367
43 295
10 26
36 852
16 873
22 348
7 724
4 809
12 30
7 461
45 644
22 218
46 239
5 702
13 472
31 415
12 688
5 82
37 276
39 434
25 710
46 874
33 121
49 397
12 799
44 425
29 223
5 46
6 22
23 101
27 571
4 857
47 563
19 835
40 578
47 865
42 744
37 212
16 578
3 326
37 192
19 640
27 422
4 608
20 791
23 673
45 319
23 502
29 453
4 814
37 254
44 825
9 750
20 58
44 125
25 365
47 462
9 441
10 422
4 86
20 206
30 58
38 230
4 200
19 855
17 568
50 365
7 650
39 343
36 281
4 166
46 304
23 870
42 822
7 407
45 200
35 323
26 801
23 861
18 13
34 576
7 736
5 847
32 679
34 618
28 671
42 207
36 497
16 427
8 319
16 261
24 611
19 251
39 305
29 278
4 757
7 641
17 546
25 64
17 779
2 120
49 765
28 826
48 743
17 139
2 487
25 876
45 715
29 618
2 275
23 404
35 549
16 505
28 437
39 555
34 93
12 315
2 258
25 709
40 662
1 790
42 234
4 601
30 419
20 789
2 894
24 580
13 561
48 870
35 721
29 734
40 755
35 769
23 264
36 728
1 831
43 338
49 703
49 342
26 256
22 807
35 607
3 107
21 168
15 298
3 398
33 320
34 830
28 354
39 114
20 900
9 455
49 793
34 63
31 534
5 732
46 769
33 82
41 784
38 397
7 244
37 512
29 215
17 383
40 734
4 738
26 18
9 849
26 676
29 260
38 808
23 412
37 346
41 365
15 96
15 224
13 726
50 444
50 715
39 545
19 860
9 257
24 813
14 492
36 187
20 600
15 511
27 738
2 202
46 639
13 372
40 750
16 151
9 529
11 354
42 691
8 322
45 254
37 896
15 756
1 106
28 676
15 569
39 824
22 243
49 462
2 218
43 221
4 525
43 518
38 787
5 792
30 554
21 442
29 863
46 682
4 42
23 347
16 725
23 704
14 728
35 648
15 332
32 362
22 894
30 260
21 39
10 207
36 702
37 331
8 772
23 353
26 767
32 887
15 869
28 203
49 802
14 431
32 415
13 205
12 822
5 747
5 829
25 568
31 210
37 259
2 347
43 541
33 686
21 821
28 574
21 436
7 603
42 47
20 266
6 757
16 151
34 629
48 873
43 262
29 172
6 145
1 481
16 28
1 206
40 344
14 180
14 170
15 147
47 109
47 415
10 485
8 477
46 539
5 598
26 504
33 311
41 172
15 543
42 164
50 706
49 294
4 48
14 176
39 746
46 59
45 409
15 42
22 62
18 64
45 99
7 408
34 198
37 199
37 364
21 872
4 745
46 279
50 808
45 5
32 219
39 52
44 728
27 400
5 582
17 359
27 363
15 769
30 141
38 590
33 278
33 616
13 494
8 600
37 572
20 620
11 717
14 401
25 760
22 505
6 449
2 32
43 375
43 756
16 552
3 152
41 844
49 812
25 322
43 650
4 691
14 876
40 324
47 610
11 541
29 384
47 811
7 80
16 65
29 152
17 556
46 548
30 279
15 496
34 860
9 499
45 431
44 151
12 865
44 651
10 718
2 425
29 51
29 424
1 741
9 467
44 39
12 596
37 191
12 71
3 146
16 661
50 578
5 301
42 469
18 60
34 119
9 691
4 853
21 202
47 441
40 124
49 206
41 71
23 359
12 665
35 818
17 360
31 549
35 263
47 6
15 188
28 801
23 175
32 791
19 468
9 227
46 490
35 167
3 190
24 5
5 456
38 545
39 675
13 85
39 268
21 849
22 155
18 424
23 850
49 785
14 672
6 838
17 247
2 319
45 199
39 760
23 120
29 142
41 366
17 465
26 356
11 511
50 523
10 78
38 788
18 119
37 866
42 885
12 232
38 635
32 192
4 578
23 314
25 111
34 39
27 348
18 269
21 717
21 450
4 134
38 42
26 242
47 98
29 721
40 617
8 144
19 616
37 178
38 376
10 878
17 38
15 492
20 895
22 55
47 861
18 706
49 162
21 136
30 448
24 47
5 269
3 719
33 412
6 494
44 129
34 450
31 170
6 422
20 41
9 849
21 498
9 579
33 706
4 764
39 537
50 179
36 173
46 829
30 616
40 110
9 231
24 854
41 386
15 239
42 440
50 269
50 420
25 108
39 818
23 35
41 865
27 792
17 9
10 749
27 642
46 590
5 364
16 146
34 233
12 506
2 265
3 801
43 884
32 168
24 494
11 655
5 110
25 114
30 283
13 349
18 561
20 428
50 227
19 356
38 394
38 868
39 439
15 371
2 196
31 32
24 514
35 865
2 634
40 160
44 349
32 847
41 548
10 425
1 570
36 253
14 384
19 845
12 446
27 668
21 745
20 812
48 802
33 355
11 586
49 873
22 860
20 522
17 12
7 286
34 560
21 360
9 817
11 768
6 197
19 220
11 798
47 187
44 857
31 886
14 782
21 777
9 154
20 471
4 698
2 705
36 202
33 294
30 11
7 84
20 4
32 119
17 373
6 45
46 308
30 347
38 310
17 205
49 681
44 205
50 609
2 837
25 212
40 255
33 225
30 418
47 338
18 73
15 255
6 896
46 211
10 818
14 449
15 885
30 708
41 543
34 155
20 145
8 667
2 635
1 383
27 43
19 160
17 802
29 876
31 43
15 598
29 726
32 373
18 799
17 592
41 131
13 764
34 335
34 500
42 517
30 801
18 261
4 596
39 268
4 333
12 572
39 156
18 405
12 389
4 395
14 526
13 855
20 290
6 719
13 195
20 763
2 679
1 190
35 824
25 381
37 390
27 865
43 871
35 302
33 660
17 751
49 732
45 22
44 812
42 537
45 834
13 94
17 155
46 28
34 900
9 84
11 232
45 469
50 41
9 60
26 760
33 471
1 175
9 52
15 223
21 699
16 41
15 67
8 735
43 759
50 88
25 149
40 492
8 812
24 632
27 762
23 187
4 200
19 157
11 160
12 345
44 786
44 638
34 272
44 148
50 134
22 632
50 540
47 111
37 385
19 261
27 699
41 462
10 759
47 543
27 682
40 158
45 82
30 759
15 620
19 145
48 350
15 754
39 848
21 532
21 427
16 778
26 101
31 29
8 228
3 367
3 126
4 121
4 683
25 195
4 345
37 218
4 467
45 474
16 632
29 699
43 666
39 580
50 166
29 204
3 853
24 801
48 191
34 192
40 829
5 847
40 114
35 458
49 858
28 481
1 465
3 206
23 653
29 411
48 615
19 576
43 57
5 410
31 136
5 368
28 736
44 257
18 4
2 78
43 541
36 280
15 51
24 840
43 454
22 806
33 19
20 203
5 374
36 152
8 422
17 733
25 112
41 547
27 70
16 102
37 521
46 433
19 33
9 297
5 767
9 817
2 378
17 173
7 464
17 70
3 706
11 230
22 468
31 805
14 787
42 138
13 832
7 766
43 414
1 454
13 117
9 190
26 77
7 732
45 242
16 684
8 87
37 165
5 296
10 324
6 655
22 725
16 105
41 569
10 552
42 617
29 846
42 721
31 747
44 838
10 258
5 252
22 809
4 349
23 364
5 655
41 331
27 41
39 755
43 487
23 620
31 511
16 599
24 684
42 282
1 442
7 95
47 832
1 859
5 470
12 178
6 755
42 788
20 862
18 322
32 556
5 849
4 261
14 312
48 148
42 558
42 660
24 744
3 129
9 525
46 726
3 711
22 447
25 406
8 360
35 58
1 863
20 653
17 451
29 14
42 603
44 716
17 805
32 486
25 801
46 835
1 118
46 556
49 196
27 406
31 646
50 314
47 825
32 714
49 344
5 480
30 376
27 350
12 698
15 145
11 547
26 737
46 125
27 868
29 426
42 577
4 853
40 891
38 189
15 163
48 296
18 241
41 761
44 120
6 682
30 835
13 679
3 211
8 683
5 32
5 400
24 800
37 129
37 599
17 687
14 456
34 755
30 334
46 130
27 256
28 145
1 203
16 783
38 327
44 422
19 413
44 73
23 526
26 622
32 451
45 211
6 478
18 173
35 795
11 176
12 703
3 525
8 705
49 830
4 538
20 857
45 773
36 420
12 341
8 481
45 192
45 848
43 893
30 84
49 37
41 127
3 125
24 574
14 538
8 411
4 112
15 473
35 353
4 443
8 894
35 539
31 472
48 513
32 570
12 414
34 716
15 549
11 739
30 735
20 129
9 460
27 610
9 462
44 114
19 382
1 200
47 872
21 339
43 402
19 700
48 390
12 81
29 249
1 299
11 288
11 215
9 104
3 314
33 98
29 648
10 401
11 226
5 772
23 704
6 617
31 576
25 59
32 581
32 15
44 318
12 194
11 561
25 699
43 75
17 131
5 804
22 384
19 293
1 50
50 484
32 881
5 260
47 871
7 294
2 217
2 96
44 420
47 305
39 842
37 238
31 614
25 57
32 233
39 795
48 35
7 718
29 265
32 628
11 487
46 464
32 104
10 362
23 449
48 583
17 781
37 367
8 352
13 781
21 653
17 62
31 293
42 609
7 391
1 845
12 800
4 364
8 657
23 206
39 678
18 338
40 697
17 387
23 739
34 886
18 331
6 202
44 12
3 169
23 638
37 678
42 857
7 631
4 4
3 358
37 318
43 596
33 780
29 430
24 612
41 698
24 245
4 297
48 324
21 462
45 434
21 793
17 468
17 214
16 268
20 155
14 879
1 372
10 226
29 255
27 225
40 243
34 652
34 192
44 866
30 814
47 160
20 163
26 645
10 721
7 371
5 888
23 517
46 883
4 740
14 254
47 741
25 517
28 110
40 740
44 799
2 729
25 816
36 449
25 722
9 791
24 211
41 860
30 603
12 485
10 648
43 29
14 355
17 880
48 598
30 900
6 66
5 642
32 504
28 861
3 826
42 323
7 84
37 208
2 224
33 745
18 749
44 214
23 143
40 171
3 767
21 214
37 496
41 778
30 529
28 717
30 705
44 481
11 49
46 205
8 7
49 688
17 293
29 692
11 69
12 537
29 412
16 156
14 814
21 76
32 615
