33 8
49 51
50 27
21 79
38 41
6 46
28 10
40 18
22 13
16 12
35 53
13 30
7 41
17 46
19 32
16 64
22 23
1 44
47 9
35 48
10 48
37 73
23 1
15 56
39 74
26 69
12 60
27 39
15 39
14 9
36 15
44 19
13 42
22 52
8 11
30 17
20 49
45 80
22 3
16 21
39 17
22 52
1 44
19 77
37 43
42 75
19 46
42 78
47 76
35 21
1 66
3 66
34 64
35 50
35 30
40 62
17 80
15 51
28 17
5 9
6 63
5 30
3 45
11 56
8 47
35 15
10 19
12 48
43 74
2 42
7 56
9 17
46 54
19 67
7 36
50 53
50 58
28 31
27 6
49 29
45 9
1 25
25 39
25 53
7 20
7 4
50 71
2 24
10 62
14 32
48 46
5 19
5 35
12 72
12 66
49 49
41 52
19 71
4 59
22 12
9 37
6 24
30 51
47 22
35 14
48 8
44 31
41 79
23 43
27 27
37 77
36 50
20 24
13 70
30 13
4 62
26 38
8 5
20 24
40 54
17 9
1 19
37 31
29 76
40 53
12 65
6 61
11 10
40 75
13 61
32 77
3 79
20 24
41 4
44 62
10 58
16 9
12 58
8 22
34 66
20 76
30 74
21 55
7 59
28 6
1 73
1 26
1 78
30 22
42 8
32 24
24 63
1 62
20 42
50 65
23 70
19 27
12 47
15 1
26 50
3 59
19 68
39 45
50 58
13 76
21 36
30 38
16 41
18 78
7 42
31 12
25 51
17 7
49 52
44 31
50 15
22 17
18 71
37 27
26 57
