40 21
50 9
42 24
35 12
41 8
27 13
32 30
42 11
42 5
16 17
8 13
1 10
27 10
18 28
36 2
28 9
33 28
37 19
24 22
15 17
7 11
13 28
34 2
28 20
18 14
36 14
43 17
14 19
4 26
13 18
50 2
5 12
6 3
37 1
9 8
8 11
35 17
27 23
27 15
22 26
26 10
12 15
30 24
22 12
3 8
41 3
16 6
37 4
23 12
17 12
14 27
40 22
22 26
24 12
23 28
33 15
20 25
40 10
48 1
3 2
19 10
31 16
13 12
46 22
36 13
34 4
36 7
41 10
8 12
5 3
32 3
28 14
21 24
28 21
18 4
39 3
48 16
23 30
17 14
14 2
