10 565
32 846
45 210
2 642
35 488
42 748
35 326
48 562
27 320
2 385
19 313
49 433
25 575
7 358
29 386
28 781
37 502
37 49
27 421
21 122
36 290
40 402
22 545
8 953
40 163
2 213
28 407
2 553
46 795
40 275
12 797
40 428
12 80
1 896
21 185
39 136
10 337
46 704
24 448
8 991
18 996
19 171
1 8
38 693
47 698
1 745
18 926
14 119
12 526
2 343
22 696
36 788
1 550
14 525
23 204
29 185
23 961
2 510
43 182
14 762
44 208
22 353
21 973
21 739
11 6
37 281
9 490
16 202
37 369
12 372
9 736
48 380
2 609
50 495
40 691
50 54
13 893
46 857
10 97
23 432
39 342
20 246
14 665
21 383
50 225
23 512
29 576
32 408
46 225
48 754
16 283
9 985
5 423
18 188
11 240
39 226
20 364
29 547
19 381
45 967
32 716
35 721
47 358
2 666
35 466
4 758
33 663
23 710
4 907
28 689
36 418
44 22
15 426
2 265
40 493
31 495
12 689
23 509
49 648
47 631
16 852
11 810
16 376
6 312
46 157
8 309
39 242
10 253
13 975
50 547
14 973
4 366
17 558
4 366
32 590
42 267
11 213
2 619
27 714
49 833
39 379
10 59
43 644
31 5
22 339
2 460
17 122
26 83
30 343
3 561
14 643
22 928
25 746
21 721
6 450
5 420
31 888
41 165
29 887
31 220
44 888
13 133
26 641
47 148
23 793
46 664
45 310
23 202
5 220
29 669
38 324
27 220
11 283
29 925
14 307
26 809
48 661
24 969
38 90
14 892
26 380
5 136
37 962
22 226
34 81
6 575
26 178
1 814
1 510
3 767
48 615
45 393
50 611
12 541
19 129
46 419
13 81
7 52
24 136
16 948
37 766
50 597
23 512
32 316
49 175
21 419
30 488
4 398
3 589
1 717
7 638
14 133
4 229
13 88
3 426
36 689
37 444
39 854
49 859
13 369
5 79
12 574
43 164
25 879
7 612
34 574
44 486
49 992
13 803
2 240
27 304
6 818
33 583
11 524
47 999
37 462
12 193
37 828
16 89
5 380
50 899
50 976
21 347
10 819
7 839
14 590
43 54
5 528
24 142
23 61
6 602
22 959
25 420
40 378
38 78
25 636
44 505
17 292
44 66
48 195
12 474
49 396
3 701
3 740
2 86
39 445
43 861
29 868
49 667
14 448
32 312
38 595
29 977
32 994
13 436
49 397
7 594
15 208
38 572
49 86
7 220
42 227
41 605
44 565
15 319
32 981
38 822
43 735
26 22
36 434
9 936
34 757
42 228
4 623
35 742
21 898
31 640
48 395
19 370
33 355
16 271
29 685
36 700
44 958
13 278
12 851
48 523
23 572
21 303
33 64
36 309
41 809
37 168
1 916
48 278
6 654
37 78
1 511
34 340
16 333
25 54
16 992
8 304
47 987
12 894
12 701
9 292
50 32
22 535
9 397
45 982
11 472
8 745
16 80
33 445
50 335
39 83
17 231
7 252
19 516
4 519
27 701
24 530
24 359
6 278
41 927
49 459
39 192
45 828
1 443
28 139
43 442
5 397
34 590
45 541
21 967
34 618
48 363
22 875
1 433
2 795
32 42
23 254
35 837
38 230
10 386
29 127
7 278
41 810
47 846
29 238
3 213
25 868
17 730
13 659
10 729
23 397
30 106
23 710
27 547
5 872
7 460
39 448
1 201
39 622
26 16
28 540
32 326
34 588
20 961
34 609
45 313
8 150
23 725
13 530
47 315
13 949
23 207
49 400
39 106
3 998
47 705
9 893
6 664
8 530
45 380
39 430
28 491
18 668
50 196
28 873
43 74
44 457
38 529
28 502
4 799
32 493
47 594
5 3
40 410
9 791
30 62
7 341
21 874
10 706
45 866
17 647
10 326
15 941
42 853
15 514
37 184
28 9
43 930
8 613
31 674
29 932
15 54
10 184
17 496
11 673
10 984
30 312
10 280
45 559
14 589
45 274
11 303
30 690
37 126
12 986
48 790
5 564
16 246
22 186
29 939
28 150
25 826
34 111
12 485
43 495
35 721
7 482
47 30
44 86
49 223
19 449
8 871
43 253
6 659
44 168
10 751
20 272
28 286
44 109
42 134
14 832
12 394
18 48
19 65
29 252
5 856
48 426
10 245
11 584
8 378
25 282
34 926
12 162
47 981
35 820
2 154
24 228
31 987
34 72
49 356
48 750
24 734
15 317
22 410
15 498
6 462
46 391
1 266
43 516
28 70
24 640
11 322
16 559
44 305
25 909
5 893
27 36
38 761
4 481
3 181
14 111
36 755
43 552
20 675
46 895
8 26
31 407
1 704
8 74
16 350
29 620
15 821
49 529
39 731
49 335
44 339
21 752
6 53
23 363
20 630
19 393
35 955
24 694
40 421
37 811
1 528
19 425
10 514
24 890
30 148
12 974
19 307
25 349
32 253
24 655
43 780
47 449
32 697
25 162
8 76
19 160
13 598
41 238
8 508
41 16
4 361
1 836
9 915
43 632
40 158
7 290
11 731
30 79
13 337
42 835
30 485
27 99
45 896
17 566
6 193
9 981
37 222
35 680
25 824
48 612
9 516
15 229
14 74
15 208
45 80
1 229
21 268
43 125
7 383
7 172
36 186
45 604
4 903
17 518
21 346
13 288
30 931
17 273
9 795
2 278
33 131
43 986
21 355
38 87
15 971
11 193
24 805
43 902
18 847
45 885
50 52
3 170
10 713
30 658
14 156
27 77
34 324
20 490
23 753
26 40
4 53
5 150
27 376
25 321
8 969
47 583
50 467
18 581
48 198
36 625
49 306
13 959
4 390
38 293
22 150
28 712
6 488
15 833
4 645
18 862
5 179
39 911
32 174
17 534
13 778
18 855
21 246
36 648
50 693
43 981
30 89
7 560
39 152
31 880
15 181
47 333
23 705
2 755
9 847
13 959
33 773
29 191
15 318
6 305
39 931
6 113
34 384
12 183
43 518
7 155
18 994
25 660
17 220
34 629
34 673
43 923
24 387
24 966
35 468
20 919
1 588
34 121
28 335
42 276
16 829
14 167
21 222
34 274
24 266
21 577
15 493
19 558
1 559
31 137
49 695
2 139
17 140
26 258
41 673
2 274
23 272
27 698
12 492
38 730
35 691
24 388
21 773
8 268
47 336
40 637
41 87
27 377
36 374
28 293
25 692
8 806
50 135
33 473
25 515
31 638
39 23
4 809
25 530
37 924
3 463
18 321
27 322
13 909
30 579
9 203
15 505
3 824
48 167
25 134
39 88
3 731
1 741
13 149
23 416
12 934
46 566
25 567
38 692
13 750
27 866
34 609
34 845
47 163
26 790
48 155
14 27
3 184
34 444
38 143
15 462
20 461
36 297
18 283
50 151
35 286
20 267
25 473
36 893
37 313
3 994
22 497
31 992
40 832
12 191
49 931
17 862
40 645
10 767
34 643
28 884
50 112
44 308
37 82
11 613
17 560
9 908
25 760
11 684
45 125
29 454
22 914
15 379
12 756
32 75
6 670
18 992
21 341
43 138
37 888
40 195
13 16
26 742
47 566
9 565
21 540
29 963
26 860
23 348
47 116
22 627
38 642
32 391
26 458
22 242
40 508
11 993
12 608
34 255
11 947
30 517
30 817
22 175
41 93
23 209
26 187
14 299
11 148
1 737
4 424
19 178
37 439
44 77
20 752
25 18
20 233
25 208
21 506
16 170
18 768
7 395
17 681
25 815
38 100
26 215
1 901
46 711
28 82
33 53
9 424
9 119
47 664
19 950
15 589
13 387
48 626
18 177
3 420
34 910
5 198
35 153
5 747
34 778
12 556
45 159
48 835
32 887
48 304
36 936
33 394
21 71
39 315
22 44
25 718
31 226
27 770
48 124
44 311
10 890
41 762
40 366
15 882
4 160
22 409
19 917
48 944
16 982
5 718
32 198
18 533
15 404
6 694
38 278
6 447
15 137
11 636
6 808
10 380
7 938
28 270
39 957
44 352
37 410
10 467
34 1
36 580
39 181
43 152
1 640
42 368
27 375
2 395
21 223
12 764
18 189
22 206
47 894
31 367
9 895
13 957
17 351
38 165
35 398
9 728
3 736
24 354
8 138
18 225
12 888
4 341
32 831
19 745
8 822
20 635
3 408
9 97
39 354
24 26
29 866
26 456
37 439
11 625
40 711
31 142
43 318
34 475
41 770
9 536
50 312
31 911
20 782
21 163
6 256
27 950
9 87
16 726
15 420
18 372
16 608
30 369
8 550
9 179
5 809
37 244
33 319
34 974
29 611
38 300
10 699
28 801
5 393
36 117
24 135
5 21
44 929
1 592
17 761
3 594
18 645
22 306
9 446
22 886
31 965
37 741
48 978
22 216
3 460
15 614
49 835
46 17
6 497
19 666
30 957
26 117
15 13
15 678
26 341
14 847
1 679
44 375
32 887
35 9
38 357
18 46
39 482
43 337
6 907
16 876
15 167
19 532
23 726
12 852
34 723
20 548
2 54
16 991
40 671
5 251
4 582
8 613
31 895
7 855
5 472
8 486
37 549
8 772
38 843
41 223
11 39
5 85
38 468
6 124
48 782
15 604
10 859
36 222
29 638
5 568
27 263
10 49
40 706
19 533
32 698
6 281
28 546
48 694
44 351
15 562
42 476
24 427
25 623
5 851
39 692
8 19
5 244
3 895
37 515
4 656
30 333
14 370
29 477
31 629
22 439
49 81
41 542
38 111
3 781
2 584
35 794
12 33
9 927
36 347
32 840
13 408
2 490
1 777
28 460
34 738
18 537
14 891
17 532
33 11
25 315
41 983
37 517
11 499
45 668
1 74
10 983
39 387
38 426
27 832
47 309
16 96
46 6
43 677
21 67
50 628
30 36
35 929
8 884
32 585
28 466
40 335
1 361
2 12
24 512
17 409
26 399
42 605
38 137
45 510
4 514
13 449
21 650
15 112
42 443
33 687
44 323
28 916
49 121
22 154
38 972
25 833
32 230
20 973
33 765
13 970
43 69
21 105
45 338
16 208
6 900
7 668
22 216
15 697
43 484
27 324
40 277
3 544
15 54
16 507
19 522
33 766
25 438
16 326
46 130
38 252
48 869
35 324
45 308
37 694
45 975
34 487
1 840
23 636
1 529
28 700
48 553
47 53
26 654
25 989
1 698
23 389
39 144
37 805
10 275
32 759
11 153
8 910
44 30
42 287
48 860
31 899
17 108
10 746
24 2
7 135
11 769
50 346
38 892
46 950
32 187
7 111
45 712
10 293
41 197
11 867
42 134
16 343
5 259
50 834
43 342
13 303
47 385
37 535
49 798
6 544
11 104
42 503
39 524
41 788
13 947
43 123
22 406
37 849
46 421
19 615
6 987
27 271
44 320
41 514
25 326
40 868
14 583
45 555
3 857
25 39
32 229
13 865
23 20
1 712
38 40
27 943
16 169
8 1
39 499
30 903
16 982
7 300
12 250
44 72
1 366
4 587
14 368
16 916
28 218
46 763
34 235
19 518
8 350
19 855
47 942
7 754
41 534
9 923
32 590
13 206
48 943
38 869
8 268
34 935
47 368
3 310
20 371
9 749
30 318
27 607
10 132
4 823
20 515
37 113
44 249
45 709
6 11
33 694
19 69
14 888
5 989
48 816
50 347
22 325
18 444
34 540
14 859
43 638
12 640
46 504
24 942
19 50
5 239
29 284
11 791
43 385
40 358
46 541
50 779
38 24
30 800
18 744
22 833
36 232
32 147
40 414
41 745
20 321
10 377
21 543
33 123
1 647
21 493
16 722
46 468
16 142
26 692
47 336
39 291
11 168
32 96
29 454
15 454
12 312
6 896
15 635
43 608
7 720
11 871
7 467
23 421
21 621
14 309
20 718
30 92
12 632
49 669
24 872
1 301
44 137
4 160
12 15
17 165
21 670
48 514
3 94
30 124
30 355
9 481
39 477
17 932
3 804
48 99
42 793
22 982
41 862
25 874
12 648
34 451
15 253
34 281
22 754
46 976
44 560
46 224
50 247
37 192
49 772
34 749
8 555
7 75
32 774
28 708
17 107
37 155
30 181
35 922
22 698
14 849
3 146
1 56
16 415
16 427
2 641
33 446
27 299
45 311
41 517
2 124
44 812
6 591
6 250
35 92
43 336
16 634
5 610
2 273
47 914
14 656
30 236
16 795
3 42
25 934
25 958
13 521
24 433
20 831
19 902
4 420
40 478
48 879
31 915
29 861
49 442
8 568
37 305
36 831
31 106
2 520
41 178
12 432
4 507
28 305
27 741
28 543
11 99
23 682
48 672
33 578
49 134
14 800
34 162
38 290
43 533
44 746
19 688
47 467
21 187
23 887
31 746
50 588
42 823
34 926
33 340
48 7
41 615
6 967
20 141
15 558
40 441
31 798
12 128
21 986
8 262
42 524
26 932
12 12
24 282
30 280
23 229
5 55
49 198
11 578
34 600
33 980
50 643
28 306
7 530
45 820
30 829
14 926
5 291
46 581
49 120
30 562
43 270
7 720
22 204
22 625
26 717
22 316
39 175
34 905
37 704
18 286
15 360
4 15
16 460
15 564
29 453
14 569
49 765
13 161
31 350
46 193
47 408
35 637
23 170
13 774
50 758
6 211
48 289
35 553
25 222
19 322
23 519
43 309
24 752
32 37
42 982
27 104
37 925
17 999
11 536
30 528
32 276
34 172
29 429
20 384
5 744
33 763
12 755
11 983
7 459
5 655
21 983
6 832
9 856
5 831
17 697
4 194
7 299
50 959
37 52
36 984
49 252
42 789
44 28
43 50
42 456
27 89
44 792
47 520
1 423
11 873
15 939
48 286
31 505
16 682
50 239
2 828
4 502
12 295
26 541
32 365
1 707
44 558
8 570
44 109
8 34
33 798
36 772
18 78
39 560
49 519
46 808
38 639
29 433
11 751
30 760
1 431
33 566
39 890
18 866
29 994
27 897
16 779
27 560
7 469
10 834
5 39
12 408
17 56
5 295
47 580
41 951
28 603
23 962
22 566
42 39
21 776
6 516
18 431
26 375
27 692
44 35
37 972
5 821
34 209
41 869
31 884
10 439
20 921
5 808
16 309
12 841
25 945
49 209
23 350
46 928
50 773
21 672
21 725
29 130
11 775
39 914
6 550
50 676
34 643
5 523
40 33
5 213
3 722
34 164
40 921
25 188
3 598
44 862
41 235
21 309
31 165
2 153
8 350
50 835
15 756
50 15
21 776
19 678
18 4
9 873
34 180
16 591
48 508
9 761
15 771
49 868
11 456
37 966
20 458
40 771
3 719
41 977
14 501
19 116
45 645
29 680
50 655
14 286
15 44
43 199
40 558
5 794
10 861
6 661
24 86
33 500
13 243
46 262
48 215
43 340
35 323
10 136
39 880
14 873
15 638
15 912
19 209
29 286
16 127
46 535
16 491
43 754
23 473
31 812
24 800
38 22
1 190
17 791
24 581
10 288
46 458
24 800
39 274
21 66
5 291
36 316
8 844
28 548
35 206
35 152
18 929
26 90
24 943
26 307
39 697
44 681
15 476
30 863
27 783
1 788
4 534
25 896
47 36
9 724
23 774
10 541
45 586
19 673
49 43
3 139
22 791
2 265
1 913
11 553
33 876
12 609
35 84
49 859
20 90
11 303
37 213
39 994
40 155
50 932
9 300
10 454
45 688
26 908
10 762
47 44
31 402
13 218
40 861
20 55
7 668
3 379
15 250
28 243
37 678
39 603
36 312
6 787
5 765
8 3
23 992
22 56
10 438
46 415
13 213
13 967
6 861
7 268
22 310
20 152
30 823
39 794
2 973
9 524
5 11
27 162
19 165
50 954
12 886
17 119
39 718
11 934
49 969
18 991
36 222
49 416
34 832
36 295
8 59
8 70
37 813
34 348
28 290
9 278
31 606
21 127
19 757
41 913
38 45
5 699
37 17
39 155
16 173
29 406
35 54
30 542
47 917
5 178
26 349
18 678
45 609
30 281
1 89
18 464
1 824
24 145
13 637
17 26
4 559
50 689
2 483
45 400
14 695
34 914
14 725
23 560
37 506
27 214
34 513
13 696
20 762
49 156
26 314
27 745
17 60
8 339
29 792
32 283
45 112
35 433
16 517
16 469
33 523
26 199
16 293
9 295
40 407
49 104
48 308
10 594
41 156
33 941
4 50
50 130
3 388
50 46
44 364
35 83
15 357
5 127
44 943
9 148
32 31
48 63
4 700
48 61
36 775
6 428
50 541
24 97
30 917
17 401
48 254
31 248
25 149
32 815
28 774
35 39
45 856
27 535
39 374
23 464
35 781
6 800
37 817
45 158
44 584
45 558
42 680
15 211
7 972
4 63
44 716
22 954
18 930
5 632
12 933
8 571
9 418
40 448
36 280
19 675
50 374
7 915
9 780
45 75
14 10
14 557
29 250
24 699
15 934
1 657
44 130
23 279
2 846
35 996
45 113
14 990
13 860
39 635
43 550
45 100
13 124
19 856
40 697
20 154
31 398
17 618
16 271
19 741
18 214
25 107
6 418
15 168
13 31
26 318
37 851
48 526
22 30
15 388
15 226
8 443
14 968
7 871
2 817
46 12
20 559
43 988
48 820
50 642
24 290
21 29
12 759
17 945
40 131
25 576
50 802
25 120
41 343
37 99
27 361
20 141
1 814
20 941
14 225
33 186
18 586
17 219
50 250
6 384
15 172
2 273
16 498
37 653
5 658
37 609
47 469
2 190
36 481
36 285
34 53
2 596
25 115
48 506
33 846
29 739
33 576
36 829
43 395
8 557
19 663
16 140
42 976
8 71
49 285
24 620
30 523
1 763
4 249
22 891
11 40
16 700
4 262
30 580
46 413
18 298
37 752
27 362
43 588
16 752
30 920
24 916
11 814
31 92
25 445
42 913
31 642
32 979
2 966
22 51
47 22
46 78
44 555
27 210
47 368
23 307
7 287
44 78
41 567
17 561
32 106
43 749
17 664
7 198
23 360
36 519
15 267
36 153
37 23
10 380
36 927
10 484
12 176
9 13
16 361
5 198
22 733
50 789
10 999
9 312
33 792
18 25
5 296
45 236
26 940
31 396
3 425
33 694
17 536
7 382
26 35
4 703
7 933
11 321
30 562
12 309
6 459
27 446
33 66
25 886
49 879
18 212
6 973
22 608
49 536
26 140
21 309
46 649
2 175
8 196
10 145
49 263
42 692
4 672
38 315
19 554
46 683
43 138
22 350
45 708
46 819
41 461
32 225
40 528
12 352
14 336
27 322
30 160
30 267
45 466
23 468
12 36
28 669
47 45
41 802
2 135
26 195
9 666
10 861
20 390
30 996
48 496
2 526
12 78
32 729
34 772
6 431
17 752
20 560
27 579
11 714
40 358
30 500
5 39
13 402
35 530
43 669
47 453
17 778
34 650
13 50
48 392
17 955
36 294
9 176
29 799
32 621
35 287
17 737
33 145
48 670
26 894
11 833
8 701
28 651
38 922
42 138
20 229
48 807
8 93
11 421
9 701
26 688
11 221
48 972
26 666
22 687
29 408
37 234
2 520
42 149
15 898
32 962
9 155
4 207
22 338
46 349
10 727
19 731
14 999
1 488
26 110
23 959
23 317
50 200
33 515
2 500
42 681
8 500
31 487
37 272
24 287
18 403
34 5
24 292
2 756
1 129
33 535
33 214
35 897
10 428
42 368
45 591
15 274
42 461
10 278
32 738
46 850
23 86
20 514
43 652
30 6
21 4
39 265
47 581
37 503
13 728
47 210
35 382
47 77
48 942
42 762
38 900
12 549
2 973
40 997
17 115
43 517
45 263
42 405
35 150
28 267
15 133
20 904
9 124
5 708
46 641
24 411
19 494
2 510
21 826
1 150
8 858
35 974
34 549
9 997
46 302
43 352
5 658
11 223
43 908
46 374
12 828
11 704
49 971
11 523
37 674
29 185
10 913
39 33
35 561
7 716
45 552
27 310
18 281
45 956
40 551
25 360
10 293
44 900
8 8
9 553
39 45
47 93
37 578
11 22
32 543
7 239
21 805
19 935
17 13
7 732
21 120
6 165
21 669
22 584
39 329
33 899
24 250
9 133
38 508
45 129
16 404
1 928
49 982
38 64
39 37
39 233
3 795
9 587
19 389
17 96
15 348
42 29
9 418
34 529
40 811
32 270
37 572
27 68
24 551
17 36
3 260
15 264
48 167
17 650
36 821
5 588
16 25
1 829
12 708
38 992
20 760
43 865
2 61
13 598
13 723
47 670
5 528
5 848
47 255
20 673
34 189
43 116
8 554
41 52
50 314
33 849
47 502
10 693
9 289
38 15
22 932
32 735
49 298
1 441
8 335
41 787
4 128
33 439
50 576
3 355
44 74
1 752
41 678
32 610
22 778
13 564
11 381
14 174
28 632
40 378
33 68
40 381
45 840
20 716
22 349
50 627
47 543
30 733
10 538
10 871
29 945
47 150
33 362
30 312
1 257
1 441
48 497
23 620
20 54
31 873
13 141
36 891
13 482
50 349
14 261
4 336
34 911
48 824
37 660
49 960
7 29
17 367
39 314
39 517
34 529
25 916
40 278
45 671
48 518
12 236
43 665
16 625
21 846
4 52
2 938
1 363
9 602
44 664
24 201
26 831
22 110
26 224
6 959
15 75
42 924
29 882
44 2
33 46
27 913
44 308
24 865
27 319
47 293
36 505
21 302
48 387
46 752
2 36
46 349
30 295
1 1000
26 736
49 709
25 505
23 373
20 943
15 112
8 401
15 584
2 136
4 682
12 992
32 222
36 17
26 496
21 729
17 818
24 400
21 820
34 311
34 293
2 149
31 649
23 860
4 342
34 360
48 229
11 224
31 81
40 221
28 859
14 992
46 952
20 855
46 623
5 985
6 366
50 760
39 180
35 369
24 200
39 789
31 520
40 66
1 434
8 520
22 525
45 580
28 362
28 492
20 920
28 689
17 645
29 504
38 270
41 443
50 271
5 149
2 551
48 580
30 145
38 8
35 944
50 397
4 962
20 607
15 865
40 748
35 73
4 34
3 987
30 813
3 323
2 493
34 708
47 280
30 837
35 517
49 508
5 667
47 888
38 278
46 80
43 295
33 586
12 825
42 964
40 62
3 720
11 134
14 490
3 368
28 278
27 855
26 503
1 233
21 594
40 154
12 265
42 260
33 987
10 272
11 250
22 997
28 609
18 147
46 258
35 364
17 815
27 959
42 516
21 585
7 823
27 350
46 754
12 836
8 932
5 107
37 582
5 273
26 46
35 560
43 732
10 476
20 443
19 13
30 421
20 675
29 760
8 822
10 334
35 909
35 766
2 333
50 216
30 822
18 890
6 663
30 645
8 631
41 904
43 777
26 448
47 307
34 430
43 73
8 166
36 611
39 271
17 398
44 948
24 747
12 590
31 108
40 401
5 85
35 549
48 269
45 770
21 257
29 660
13 949
18 11
2 658
36 596
4 398
27 256
38 484
15 446
23 326
31 654
35 673
36 175
6 657
28 964
37 857
21 415
49 990
8 943
8 824
17 948
36 190
31 553
8 297
1 111
50 558
15 724
18 431
12 858
50 679
5 219
11 663
35 560
37 78
25 195
11 629
44 776
5 22
20 919
23 576
21 595
11 40
18 273
10 602
20 616
45 251
25 276
27 31
30 431
10 290
41 195
40 124
43 740
15 816
40 108
10 954
45 845
4 294
5 903
28 915
43 767
46 241
37 242
42 930
16 337
12 741
8 31
27 393
31 972
18 913
42 613
37 41
22 896
27 247
39 226
10 221
38 129
44 112
25 808
29 557
34 535
47 147
42 463
30 239
17 603
7 364
45 366
43 945
6 844
25 33
35 970
18 321
42 51
14 367
46 868
17 35
13 291
24 972
28 86
4 474
48 757
29 95
6 189
31 719
35 280
18 407
8 88
26 394
3 955
39 994
35 798
8 702
34 376
23 96
9 84
44 776
26 610
36 994
35 62
27 455
18 472
29 383
6 756
49 222
2 346
31 462
45 199
5 912
26 515
21 353
27 541
32 479
2 981
43 409
30 348
38 496
47 411
21 690
13 504
1 174
33 857
39 795
7 208
35 789
46 986
7 249
14 245
20 264
18 13
2 675
30 968
3 624
34 2
38 256
13 909
21 61
12 215
13 111
26 305
13 492
30 480
8 938
33 967
37 361
10 370
46 429
36 801
22 40
37 379
46 306
15 461
2 227
12 999
8 705
29 431
37 977
27 641
48 632
17 242
11 56
3 920
18 251
43 743
12 52
27 831
11 726
42 481
37 239
18 159
21 463
16 577
6 238
14 640
20 453
7 173
2 299
35 683
21 784
12 811
30 833
48 3
10 222
8 963
24 623
43 886
1 636
12 694
25 350
2 328
44 736
27 223
9 373
2 579
29 912
50 140
47 809
4 275
15 439
5 338
28 592
38 761
39 481
37 349
28 326
7 853
24 885
24 351
16 549
24 219
12 661
15 924
6 501
1 144
27 829
20 555
14 376
24 645
46 827
15 662
28 488
10 542
7 473
4 589
36 155
7 147
42 325
22 950
2 590
26 765
39 823
19 981
9 667
33 774
46 953
13 440
13 977
37 319
50 867
23 889
27 622
42 89
1 912
43 491
28 101
46 496
16 713
49 89
29 310
47 687
29 241
22 20
38 589
8 752
6 474
26 557
43 668
2 246
21 567
14 930
16 747
10 733
9 974
47 955
34 810
17 213
46 389
46 675
19 996
5 714
37 20
19 362
49 194
27 584
8 867
43 990
13 299
41 873
15 627
25 419
14 472
18 274
32 462
40 13
36 187
22 338
15 510
35 412
13 491
41 454
5 149
47 752
1 13
35 921
45 545
11 969
29 226
19 519
3 238
11 1
34 908
19 42
9 313
5 481
12 179
44 820
26 723
15 280
28 609
21 11
15 687
14 838
19 48
28 166
43 515
13 870
12 493
13 12
43 581
24 569
48 97
7 629
1 398
38 579
32 999
20 390
24 168
37 727
36 17
40 253
41 488
8 33
16 552
13 670
35 505
8 338
11 80
19 762
7 861
23 935
29 199
48 776
46 645
11 325
39 595
46 837
49 794
1 343
42 872
42 362
9 512
3 494
15 328
39 173
30 993
7 528
48 23
15 546
8 133
33 515
7 499
8 926
1 798
37 729
39 603
18 959
30 623
17 60
44 480
1 840
31 424
20 605
50 708
37 828
15 454
48 204
30 290
49 963
17 280
19 790
47 219
14 271
29 936
30 960
17 184
21 83
1 772
8 211
26 858
13 785
27 761
33 602
29 234
25 151
47 386
43 137
23 581
28 714
8 8
50 520
22 207
44 739
38 447
49 854
22 554
2 393
10 778
22 597
4 825
11 820
33 655
46 288
31 635
50 971
23 624
34 880
18 961
49 468
7 928
38 91
42 10
13 938
40 822
13 290
44 718
18 912
1 105
15 845
47 218
41 851
16 240
8 591
7 452
30 210
10 313
16 400
19 67
2 447
17 503
23 887
36 943
16 822
14 911
35 493
3 55
47 353
50 814
41 662
43 335
41 923
5 277
37 769
6 799
44 790
10 171
16 330
18 185
43 485
49 178
15 415
17 53
21 839
9 613
24 197
11 166
35 243
48 675
28 691
20 146
38 478
37 726
24 252
39 360
25 66
33 44
41 611
21 93
17 30
29 48
15 776
41 184
26 585
32 122
38 280
13 752
37 803
25 397
36 962
1 613
41 570
41 323
44 447
39 295
24 947
7 581
40 607
25 60
10 382
29 162
9 774
48 127
3 696
4 374
2 105
42 9
27 357
5 994
49 672
28 161
16 643
27 204
43 37
40 482
40 294
45 112
1 746
5 991
6 90
36 895
29 902
44 276
44 974
5 937
44 624
42 11
8 551
32 464
25 818
31 781
27 387
48 936
10 338
48 671
47 858
41 799
32 468
8 507
17 98
32 649
26 886
31 861
1 804
26 860
39 919
2 797
18 656
26 666
37 62
37 535
8 513
38 757
7 641
35 104
38 940
50 344
46 128
12 385
29 444
41 668
45 986
19 269
6 898
11 723
16 919
24 661
40 829
45 220
12 618
15 947
12 150
40 598
4 613
27 343
32 362
10 853
48 565
26 623
2 723
14 611
31 98
14 100
50 438
21 308
46 901
35 919
29 107
37 815
31 529
39 487
37 175
14 693
21 475
47 285
6 436
18 633
44 474
25 370
17 558
4 825
23 330
25 392
47 701
17 375
40 400
30 863
37 818
33 63
27 872
4 84
17 548
42 561
22 709
11 444
40 234
32 381
31 749
33 407
26 482
19 387
41 60
4 12
19 12
11 143
43 462
35 808
27 328
41 287
8 588
14 555
2 920
38 918
3 206
17 409
50 329
3 757
47 663
37 752
9 585
29 451
17 383
43 760
5 242
25 966
34 599
35 409
18 289
37 141
49 719
31 576
11 946
21 44
23 871
40 468
11 871
38 15
32 386
33 810
41 367
40 465
19 413
3 381
23 722
35 26
11 222
9 892
4 583
48 964
26 282
2 654
6 514
12 884
14 6
9 302
29 89
8 465
6 774
40 612
44 709
9 172
26 964
16 536
27 47
22 962
8 407
30 136
20 39
11 290
28 218
16 103
45 6
16 214
14 773
20 931
45 886
23 265
49 167
23 501
1 113
20 977
41 335
45 129
21 587
22 217
35 192
9 424
45 769
17 141
46 493
44 413
50 25
39 328
44 404
45 330
35 455
30 870
31 341
34 606
8 693
7 974
15 769
47 442
33 557
14 940
18 466
33 122
12 551
25 219
19 816
30 231
17 251
1 604
39 983
36 867
10 908
13 168
3 760
42 310
8 23
26 504
11 771
7 150
47 387
24 444
22 892
48 360
27 467
48 232
2 638
31 478
2 440
4 485
33 346
17 392
1 689
34 984
37 693
23 585
12 861
22 97
1 740
27 627
49 470
8 952
2 601
16 745
47 496
33 268
2 230
28 131
44 507
34 681
15 335
9 560
5 233
3 277
44 8
2 556
25 567
5 12
41 241
26 633
45 893
30 900
26 897
16 705
34 121
3 141
5 640
3 737
26 262
2 456
4 706
31 133
21 747
15 669
27 147
19 505
40 973
17 193
40 681
27 292
14 823
27 189
42 285
15 471
9 608
35 383
11 392
49 204
13 60
19 330
38 594
17 645
35 547
23 663
8 634
35 200
30 737
33 429
11 759
4 288
37 756
19 505
16 660
44 74
19 406
37 218
3 308
2 960
43 531
36 329
4 475
4 314
39 185
33 140
5 759
15 726
2 86
38 704
4 809
25 943
33 986
38 87
42 26
4 574
19 909
22 731
33 421
28 642
4 198
15 175
41 32
19 44
24 248
45 417
50 816
21 54
4 346
4 217
14 348
19 701
12 569
2 693
3 492
1 635
48 368
11 214
19 885
34 793
5 346
5 170
23 889
4 103
20 443
23 911
19 623
39 54
44 974
12 159
16 208
31 828
12 882
50 879
21 172
44 401
40 333
31 444
30 136
42 748
27 485
24 435
37 159
37 972
21 568
12 733
37 145
13 175
16 376
29 982
26 449
49 827
17 127
28 868
50 534
22 552
28 853
3 357
36 52
41 927
35 15
22 809
17 916
21 113
13 703
45 161
45 592
6 962
6 149
4 255
16 845
31 439
48 786
11 892
8 503
11 240
38 433
45 203
29 294
19 647
27 851
9 897
42 550
24 816
29 488
28 469
28 174
34 859
33 554
6 578
22 217
26 110
46 888
37 753
34 615
48 610
39 764
12 780
11 908
17 782
17 694
36 244
13 249
12 963
12 831
21 386
16 699
45 978
46 543
46 50
3 981
24 677
27 319
42 57
18 238
6 106
18 995
7 601
23 444
12 350
28 397
34 936
33 778
27 187
9 785
47 686
30 904
35 687
25 610
50 825
27 604
37 671
40 478
36 901
31 295
38 170
28 761
26 215
17 658
6 310
23 136
6 461
19 819
1 742
30 273
30 571
50 927
4 399
49 321
32 15
13 627
40 615
49 374
35 341
28 153
2 843
29 650
31 183
42 406
32 14
22 464
38 519
49 790
28 941
39 770
4 250
26 244
32 715
20 968
26 512
20 102
33 423
34 239
29 991
45 133
6 509
28 500
18 924
44 670
47 109
8 193
36 645
26 603
42 131
13 998
44 940
15 354
12 997
2 996
30 399
22 135
25 928
46 178
15 994
3 680
38 924
38 858
2 726
33 54
47 841
48 260
13 427
22 750
7 755
21 293
28 628
43 85
3 963
6 378
38 393
47 420
11 150
29 723
16 110
35 36
9 780
6 269
3 795
11 868
21 205
13 146
44 955
6 76
35 344
31 636
29 191
21 882
24 430
46 12
2 545
15 314
7 189
34 501
47 307
26 809
3 783
38 669
30 808
21 264
29 631
31 107
13 1000
46 761
1 27
29 37
20 748
27 438
34 44
11 521
21 935
22 565
47 231
45 878
23 466
1 664
3 423
26 718
35 89
30 556
32 577
34 146
10 292
21 697
36 905
16 526
32 887
12 587
18 762
14 758
44 105
37 866
12 674
42 913
45 302
27 524
22 938
3 433
4 350
39 582
24 218
27 822
24 436
47 652
47 842
38 930
41 701
9 992
4 171
19 52
23 115
7 430
6 102
40 839
27 921
13 764
49 197
25 845
41 576
42 752
35 699
27 861
8 245
50 999
7 66
3 783
39 183
16 156
33 579
22 909
25 675
20 605
45 638
39 299
30 592
45 76
35 605
23 884
4 98
47 462
34 115
18 401
39 21
36 923
48 706
31 697
33 380
49 106
13 505
12 294
30 373
18 323
43 504
2 635
38 846
31 559
37 78
15 211
34 178
17 720
21 107
14 24
22 768
26 418
15 499
47 589
24 155
2 659
49 408
24 432
22 234
43 575
3 450
48 189
5 993
35 102
14 372
23 556
26 901
30 35
22 634
4 410
45 770
17 134
17 208
35 868
2 849
13 795
50 558
5 686
18 523
17 122
21 521
20 124
41 82
8 123
43 50
4 461
15 506
31 755
15 575
22 721
45 27
18 86
48 767
48 620
17 44
37 172
7 653
12 244
31 812
1 342
43 811
6 861
4 939
47 85
25 645
14 486
23 657
33 919
2 861
43 391
23 129
33 317
49 97
50 477
26 98
35 703
45 171
46 684
36 49
50 840
25 969
18 633
4 826
48 960
8 976
34 812
31 852
40 998
34 982
18 258
48 174
29 176
31 820
47 729
29 682
24 578
26 344
37 370
46 747
29 468
22 785
35 775
40 619
17 754
1 800
4 868
39 734
25 476
25 640
32 791
50 40
22 9
45 875
49 494
44 130
21 324
34 278
48 821
40 934
39 552
50 506
6 581
6 971
3 104
16 570
4 339
32 601
31 745
29 246
13 948
7 907
23 916
13 983
48 23
16 713
26 183
9 124
37 590
25 737
50 526
45 10
5 207
12 649
42 779
37 769
20 187
49 57
40 434
40 335
31 403
9 13
40 71
1 767
35 224
2 904
14 565
25 517
27 986
13 223
14 583
18 988
44 898
47 761
39 617
5 331
10 185
48 291
9 446
12 819
20 104
30 968
16 381
43 85
21 390
48 900
34 708
27 696
17 847
33 489
37 259
49 423
41 621
45 774
22 562
7 748
46 411
28 106
29 325
38 330
4 293
38 271
45 539
19 369
31 443
32 84
37 144
35 641
18 551
46 550
28 5
45 515
30 583
6 820
18 79
29 932
25 64
39 273
9 766
48 939
31 171
47 626
33 23
9 515
45 485
36 369
39 912
28 321
2 459
41 192
32 643
21 217
38 985
12 460
45 971
24 601
22 486
3 344
28 969
30 401
17 254
11 224
25 864
48 964
35 892
19 229
23 450
35 79
43 197
33 255
38 398
43 424
2 978
31 417
47 516
33 870
47 61
30 636
19 30
25 375
37 361
40 606
33 320
2 843
39 333
18 972
43 256
44 433
33 909
29 64
27 961
16 883
29 833
43 65
19 54
30 573
23 322
8 303
22 960
22 173
39 278
39 384
33 126
31 293
10 429
10 750
1 77
23 468
15 257
49 91
4 133
44 78
14 209
21 169
12 647
50 219
48 191
25 157
27 457
1 772
43 132
24 93
13 236
50 478
42 25
36 285
13 969
8 682
21 944
16 286
16 859
16 768
48 595
44 181
15 340
37 559
18 121
25 338
42 958
49 986
28 629
42 514
14 104
45 594
6 305
14 312
48 627
20 615
36 735
32 483
50 992
26 452
18 708
2 998
50 99
26 46
15 966
38 664
2 499
26 863
35 488
30 69
30 400
12 735
31 193
34 848
42 140
26 354
16 422
21 915
5 178
32 461
46 165
2 174
22 226
36 958
15 501
38 469
37 490
22 215
50 452
43 908
9 294
30 535
25 381
9 758
14 631
19 592
43 131
6 802
35 868
47 440
35 4
47 654
10 111
48 699
36 533
35 144
30 4
7 574
9 22
1 544
48 423
24 306
13 247
9 714
16 90
28 62
19 311
1 150
14 809
8 7
48 332
8 358
28 197
13 914
28 561
14 747
13 33
20 371
40 158
33 993
23 990
12 437
29 868
1 493
26 949
5 120
7 349
26 714
15 268
3 920
29 389
15 676
23 796
27 846
19 88
41 642
29 150
22 870
16 795
42 410
20 905
3 732
37 261
2 361
16 214
1 800
50 4
5 478
35 973
28 76
37 224
30 837
36 986
17 962
44 828
24 434
33 337
24 946
39 503
17 656
29 992
29 269
24 456
20 699
2 656
4 277
22 533
26 420
25 302
35 71
5 117
45 23
24 474
47 553
17 738
46 382
40 887
28 178
9 993
39 884
38 801
6 378
25 979
25 992
30 307
7 682
20 885
5 465
19 310
36 380
18 217
41 245
23 181
1 527
3 97
23 977
1 134
44 553
42 868
10 437
17 810
17 324
43 745
7 153
24 586
19 392
33 776
1 600
14 849
18 682
24 154
47 136
2 525
30 109
20 678
31 405
39 361
42 307
10 989
43 173
3 584
15 953
12 68
33 217
31 891
32 478
12 943
45 523
27 281
16 447
38 849
33 23
20 38
46 761
31 929
19 825
27 187
12 535
32 655
37 564
5 108
30 217
50 231
22 138
20 762
17 679
38 535
5 135
9 905
31 900
38 426
48 107
18 777
8 471
1 188
20 277
34 836
11 504
10 22
1 80
5 158
1 429
20 56
6 161
5 82
49 843
47 130
20 333
25 357
2 213
3 487
20 541
6 823
43 550
40 60
35 562
32 561
15 614
28 915
41 363
7 440
15 214
11 694
15 350
5 845
30 349
15 715
13 573
37 16
5 817
24 402
41 966
8 964
9 965
18 867
1 447
46 409
34 799
47 548
25 574
33 339
5 786
15 786
16 759
6 15
15 815
45 899
38 27
21 465
29 673
7 681
48 835
25 994
26 747
20 183
13 770
49 399
50 908
19 289
7 994
34 974
28 235
3 790
19 207
41 38
9 386
1 496
45 794
45 407
38 440
42 692
29 743
20 735
31 339
49 748
45 750
11 902
3 847
7 438
5 405
24 347
19 534
41 721
28 557
4 867
1 488
42 699
23 42
7 119
50 341
44 922
23 976
35 173
12 202
50 1
45 261
20 844
27 338
36 103
8 827
22 916
50 978
7 190
13 23
48 6
17 65
32 648
48 623
39 846
11 965
15 299
21 746
4 94
47 615
3 364
27 160
43 498
33 591
48 908
5 987
45 444
10 4
16 7
10 978
33 949
20 209
39 958
1 218
4 322
8 106
25 248
7 614
44 820
31 862
45 359
34 923
17 326
46 700
16 83
9 251
11 897
50 123
12 310
45 753
12 828
45 265
13 313
14 693
18 980
42 948
14 323
22 453
32 351
20 330
13 355
17 63
37 395
3 480
26 415
2 850
36 343
11 852
26 811
49 154
36 887
7 685
9 284
4 276
18 709
14 758
12 310
27 248
34 235
17 71
42 201
36 810
10 954
23 856
48 97
21 806
43 427
16 75
2 305
37 779
13 508
34 55
49 537
26 595
46 480
32 521
38 285
27 84
48 258
33 633
42 566
26 870
31 116
14 518
2 401
48 881
44 175
26 791
46 52
43 41
30 457
43 682
22 3
20 669
50 669
32 242
32 990
12 769
33 934
24 952
30 877
29 512
31 852
29 605
49 453
43 15
17 339
12 988
34 445
38 513
14 554
45 665
45 228
36 48
27 230
16 544
4 823
42 558
42 135
1 150
37 137
21 779
2 196
24 979
42 401
2 949
14 872
32 744
20 288
15 987
5 722
7 64
45 444
9 713
22 857
28 826
7 950
37 94
32 810
40 469
46 17
34 853
21 95
50 967
12 602
12 173
39 840
13 150
29 499
15 568
10 540
17 509
44 811
12 580
50 639
47 260
43 223
4 122
18 845
21 769
15 632
6 558
5 79
6 924
38 403
32 629
7 97
47 359
2 147
13 15
41 126
12 846
13 356
21 228
30 242
35 105
17 773
9 540
23 264
23 188
6 678
8 678
33 11
19 426
38 995
32 209
18 671
45 105
21 538
24 9
20 368
18 67
10 303
17 1000
46 910
49 202
20 752
8 454
37 478
7 23
4 696
16 116
13 756
12 238
18 396
14 804
9 218
15 816
21 384
5 525
36 867
38 808
5 999
26 587
35 504
6 688
15 763
4 83
38 42
48 826
27 522
29 342
21 540
33 381
2 561
6 945
19 808
1 542
4 621
16 884
31 815
15 874
24 802
15 55
50 804
29 684
13 83
10 981
23 878
38 802
21 71
37 250
29 216
8 607
23 578
31 934
7 904
10 117
36 310
44 131
18 309
46 657
42 854
23 666
6 245
3 226
14 995
40 75
6 266
29 964
11 415
38 12
16 247
33 509
25 428
16 929
40 422
19 151
7 38
16 757
2 456
29 330
7 688
14 24
26 715
12 162
5 899
23 881
4 96
40 374
37 63
31 447
49 967
48 71
42 821
23 559
32 417
16 461
13 767
15 412
21 357
39 264
45 841
41 348
43 330
34 489
2 882
44 449
21 728
42 17
13 135
45 497
12 415
31 780
27 847
16 769
7 832
36 95
20 194
7 895
48 271
39 410
34 123
5 438
48 136
19 679
42 10
38 1
37 792
11 163
37 52
6 294
26 857
4 292
33 736
33 405
47 311
49 197
42 463
27 687
43 18
41 954
36 315
11 773
21 842
44 425
46 328
9 61
19 526
39 876
14 574
33 853
4 293
25 682
45 411
38 705
22 258
2 52
1 77
21 234
1 134
41 623
37 249
30 496
25 222
27 317
39 198
41 240
41 830
10 872
21 42
12 348
20 255
1 217
15 588
28 695
20 453
21 338
41 82
32 813
8 112
40 670
20 500
1 551
11 212
5 675
26 539
28 529
36 834
7 842
31 277
4 25
25 30
30 990
30 791
16 741
31 968
37 357
21 941
34 957
31 779
19 632
38 978
36 111
13 495
28 338
41 847
17 28
38 768
12 250
16 459
35 294
2 245
2 860
29 462
9 700
45 939
9 622
37 612
21 599
33 199
16 509
26 759
48 319
8 671
30 25
13 334
35 63
32 783
18 834
47 717
40 879
4 36
19 261
5 619
31 506
3 226
12 537
44 517
50 40
37 189
12 230
47 196
19 144
13 424
34 747
45 481
9 157
30 761
2 836
42 406
5 131
30 15
3 412
5 513
47 918
4 925
9 896
11 579
27 53
34 986
35 589
23 680
41 849
24 439
34 199
39 660
50 923
23 475
35 757
42 931
23 638
14 220
15 113
36 421
15 648
46 334
6 419
9 259
8 963
40 19
28 598
26 406
28 28
2 609
7 120
38 302
43 936
40 395
44 372
17 110
21 107
13 115
5 707
41 311
25 451
45 528
12 874
5 529
11 991
23 326
21 700
41 770
35 12
14 50
42 297
5 197
1 581
6 133
1 275
50 373
39 608
26 588
46 673
18 803
21 795
2 62
6 166
23 710
42 746
47 371
14 346
11 527
35 623
14 53
34 119
5 281
21 441
3 671
40 104
20 72
16 339
32 363
21 215
9 877
8 610
37 177
4 429
18 482
45 957
9 308
16 947
19 470
37 356
9 687
29 702
43 398
48 919
50 992
24 360
5 824
45 590
44 961
4 759
19 481
39 703
32 941
13 628
7 71
14 205
28 9
45 75
20 592
6 31
31 461
24 203
21 346
25 552
14 255
10 190
1 790
9 335
21 343
16 83
15 257
5 499
50 917
22 214
24 906
19 206
22 18
35 858
34 825
6 820
36 644
2 841
30 889
7 497
10 822
19 12
46 689
41 538
43 30
33 533
41 215
34 204
28 577
28 241
48 340
48 265
15 302
9 163
3 95
36 150
45 859
41 555
36 284
40 424
5 298
6 805
12 684
17 503
2 962
6 637
42 325
46 240
33 119
12 112
29 753
21 320
10 641
1 340
8 326
44 379
27 433
24 652
5 77
27 681
50 373
4 252
13 738
41 126
34 301
34 564
24 95
27 39
25 725
37 67
1 298
10 47
17 29
48 441
43 181
25 331
48 263
22 926
2 583
7 122
2 899
37 683
3 325
46 648
29 506
6 994
21 898
50 494
21 756
36 669
26 488
40 258
49 755
39 597
38 326
20 48
39 216
46 493
6 950
35 721
14 101
21 578
40 932
17 347
10 975
26 633
14 996
50 314
9 602
7 586
46 730
18 482
20 346
4 423
27 242
37 663
2 217
48 459
20 943
22 751
3 514
44 530
28 371
50 12
14 53
11 273
15 390
14 632
10 667
4 62
16 593
17 84
18 31
45 24
32 762
40 863
6 806
15 790
50 541
31 145
47 482
10 624
2 195
31 7
14 133
2 158
21 760
3 501
20 513
25 431
25 808
37 856
16 253
45 836
48 986
11 348
49 60
4 230
19 389
1 304
49 691
40 583
49 727
21 288
4 72
17 402
46 477
20 116
23 971
33 147
49 501
22 460
18 900
40 250
46 657
21 675
15 473
8 75
19 986
27 341
9 618
11 332
36 776
23 913
39 983
40 293
8 986
12 181
24 328
36 869
20 467
28 534
8 497
42 877
40 940
38 188
36 229
12 57
50 442
48 461
1 503
3 676
1 594
29 942
39 791
45 677
17 456
44 933
25 940
3 572
27 359
24 204
41 271
46 649
45 69
11 174
31 898
26 505
36 379
50 570
25 538
12 31
22 841
25 889
30 235
50 203
28 804
27 342
17 714
50 956
40 6
12 607
28 502
3 916
30 64
29 914
12 598
40 243
39 199
12 539
12 339
31 591
45 632
30 643
27 896
43 349
13 350
3 121
14 425
9 957
13 854
40 152
8 365
40 123
42 124
2 363
49 172
45 206
14 798
41 77
49 693
9 261
50 205
21 984
22 673
19 367
5 191
31 519
22 791
13 214
24 454
46 483
50 846
45 330
7 758
34 24
26 76
41 837
14 786
29 4
9 76
33 320
13 144
1 94
45 386
11 545
1 369
16 849
49 281
26 523
39 25
34 411
4 575
3 863
44 582
25 669
9 471
45 67
26 548
48 468
13 412
9 671
20 256
17 157
28 507
40 630
45 669
33 12
10 994
32 422
31 149
41 121
40 297
37 57
49 615
7 768
12 749
34 53
3 808
43 17
40 924
13 439
13 285
11 758
22 677
50 709
24 658
6 429
22 672
50 979
26 916
26 158
46 624
1 337
32 118
29 844
11 483
16 339
38 485
5 230
5 177
45 188
31 89
12 110
42 668
24 473
32 203
14 963
4 188
10 402
9 826
3 749
50 183
42 361
32 111
44 525
42 704
46 108
23 630
3 208
25 281
44 36
47 774
20 686
7 311
39 687
14 947
25 899
49 904
21 948
45 843
30 527
46 668
50 8
2 652
47 236
24 264
11 513
14 12
24 658
18 92
39 805
9 962
38 948
8 229
13 624
8 754
22 564
46 910
44 366
10 144
4 120
48 831
18 86
5 463
24 815
11 26
41 837
31 726
24 805
32 175
2 113
12 634
25 38
19 852
8 820
50 669
3 106
20 792
42 80
37 108
2 458
21 456
19 638
23 556
1 926
31 324
20 547
33 709
41 383
23 729
33 804
40 706
22 922
17 40
13 813
3 993
32 299
21 83
46 140
43 555
25 687
10 934
13 611
29 887
34 957
3 194
45 478
34 899
18 163
2 505
36 631
36 201
18 180
11 423
29 312
50 51
33 985
22 832
31 715
36 532
22 116
11 110
10 887
42 104
43 778
24 260
15 429
16 158
35 854
5 157
34 302
8 69
49 177
10 628
33 911
28 692
9 351
45 713
4 6
5 1000
23 44
31 834
5 835
2 307
46 197
11 666
10 114
7 37
48 774
7 921
41 20
3 622
6 652
44 340
39 373
7 429
2 345
35 448
40 418
33 950
21 871
35 945
39 309
35 706
38 458
36 532
2 649
27 672
9 825
10 653
21 597
48 460
25 733
50 257
8 762
3 628
8 696
24 67
49 990
47 488
23 561
30 300
48 967
37 832
36 339
26 261
47 986
18 201
22 493
45 965
18 151
4 461
47 248
35 19
13 684
44 861
5 802
12 476
6 844
12 946
22 443
34 401
20 304
35 696
14 470
23 442
19 488
23 579
46 824
45 200
1 408
36 989
49 831
18 983
32 247
14 119
40 182
20 547
2 615
38 409
10 805
35 187
35 45
30 451
34 385
20 813
42 858
28 266
29 243
12 408
15 150
40 203
34 599
37 529
25 115
3 161
28 39
49 151
18 861
36 653
23 869
39 808
22 858
28 147
34 814
31 879
22 995
17 488
16 437
18 707
25 643
34 43
28 629
33 543
12 323
47 330
19 460
18 774
37 318
14 34
42 526
9 137
28 907
14 250
42 195
16 208
30 24
5 187
20 832
41 121
17 349
38 278
49 316
46 551
28 656
38 214
25 193
36 945
30 506
30 338
22 632
16 428
24 599
6 881
11 66
9 173
25 739
42 255
33 693
25 892
28 314
41 667
18 681
31 491
31 307
45 864
37 94
39 599
8 450
48 988
7 883
16 443
16 828
36 289
38 105
21 549
25 288
14 775
1 471
41 518
8 851
24 114
42 644
22 643
27 25
40 815
45 968
38 816
34 150
41 817
31 219
17 541
3 175
50 144
38 151
48 482
32 841
42 611
1 959
11 242
16 988
24 836
39 684
11 601
6 357
19 299
41 483
39 627
33 981
50 722
12 220
17 220
13 15
35 924
43 103
35 595
30 223
16 225
45 406
20 301
37 373
22 410
49 983
42 212
39 264
30 211
20 994
43 831
31 663
15 140
24 21
25 326
3 2
25 922
23 463
6 952
20 61
13 582
9 787
10 148
19 917
18 721
8 643
30 153
4 375
13 279
7 527
45 393
28 733
37 895
31 616
21 960
48 652
25 575
14 434
2 377
31 777
5 467
1 763
2 403
41 459
49 327
21 11
11 450
25 674
42 447
28 705
39 585
17 988
17 801
47 132
17 710
39 14
15 631
29 200
14 173
15 907
11 114
46 308
38 734
19 837
1 116
45 853
50 354
17 69
21 755
20 545
26 835
46 669
3 71
26 44
31 947
49 137
10 857
30 374
36 10
27 518
3 311
12 91
18 89
44 809
8 703
19 878
18 195
27 238
34 912
24 454
1 749
19 890
28 234
28 893
39 988
9 407
23 40
40 277
45 409
3 121
8 874
31 426
42 880
22 381
48 75
42 571
45 969
10 661
6 182
8 117
19 915
44 676
30 856
38 456
1 311
9 17
28 87
17 410
4 466
23 745
13 764
2 796
27 559
6 392
17 586
5 993
2 392
42 581
28 250
12 503
24 911
33 908
50 230
22 710
3 842
34 345
44 976
42 213
24 295
48 106
40 595
37 385
30 29
3 407
41 710
30 556
40 930
46 241
39 500
19 455
16 704
48 130
47 528
45 708
21 82
34 9
26 147
2 547
7 818
28 349
25 717
38 562
42 21
41 710
36 878
2 231
45 261
37 341
6 241
29 87
41 224
26 762
43 354
39 453
34 120
27 598
44 844
23 187
41 912
38 983
5 870
31 934
14 184
16 467
39 52
41 630
32 873
48 653
46 207
31 929
43 698
48 818
4 145
1 972
34 824
14 916
4 680
37 153
17 977
16 303
41 518
18 19
43 760
30 561
40 156
24 27
2 591
47 893
21 480
44 186
10 702
35 851
26 676
30 542
35 187
8 575
3 483
4 633
7 632
27 46
5 711
18 538
20 394
13 987
25 447
10 556
36 460
47 333
28 912
44 921
11 557
27 7
21 339
35 611
14 332
17 151
1 401
7 526
22 459
28 185
44 218
16 330
23 428
44 372
50 11
9 31
16 984
43 915
2 529
1 5
8 170
46 399
44 372
28 166
20 311
28 912
30 409
11 710
25 589
12 5
27 727
11 593
10 214
15 195
44 116
47 259
1 318
13 687
14 722
47 111
13 342
14 490
20 396
48 935
19 585
40 699
11 945
8 583
9 120
44 742
26 177
22 53
28 295
11 759
33 744
40 468
45 178
35 436
23 197
11 700
4 628
22 739
7 553
46 54
29 278
25 410
21 476
32 178
14 453
49 385
2 684
50 75
30 564
49 159
31 955
21 486
31 903
24 430
15 798
22 676
30 688
25 341
24 160
43 400
30 687
19 874
5 369
4 956
9 728
18 890
47 110
13 903
19 54
42 833
13 427
2 80
25 838
47 760
43 47
6 230
10 569
1 425
34 292
34 770
26 645
2 406
14 171
36 767
26 792
5 13
10 366
30 731
15 256
38 685
22 802
47 322
27 697
6 94
10 158
26 732
16 22
15 580
9 632
24 410
22 787
10 581
29 521
22 806
6 447
30 644
7 48
11 312
18 104
27 357
47 320
9 457
25 489
28 958
33 639
28 29
27 170
37 812
33 203
13 933
25 433
40 759
17 489
14 507
46 158
1 454
14 561
16 816
18 919
27 351
9 472
49 161
20 952
33 719
13 264
35 569
22 4
42 266
29 580
46 311
38 673
10 567
14 697
43 839
7 23
9 918
3 788
38 483
10 319
40 977
5 696
6 431
24 537
1 77
36 881
23 255
22 311
15 37
21 970
3 989
31 244
49 262
22 892
22 625
46 442
10 267
31 428
31 964
8 52
12 172
6 898
42 208
45 807
4 700
49 294
44 601
47 794
12 817
43 462
22 33
41 604
34 179
6 502
47 23
18 285
10 830
42 892
30 837
4 849
36 556
23 731
34 654
40 814
9 305
21 444
36 770
45 736
38 584
9 947
26 936
2 751
50 702
43 674
9 144
5 384
35 477
34 754
44 856
42 487
10 486
50 23
5 157
19 721
50 445
15 221
3 354
42 674
48 111
45 18
3 510
5 978
48 841
10 34
15 534
2 89
11 562
42 87
1 188
26 591
21 72
46 215
11 632
38 135
39 485
33 705
29 321
25 471
39 584
8 585
23 966
45 263
20 967
48 634
44 152
28 890
47 60
20 120
27 632
47 393
23 428
3 748
28 67
21 234
13 728
6 514
19 338
16 994
34 904
6 384
24 188
6 292
29 63
36 842
31 405
11 591
38 239
36 935
45 637
14 575
36 677
10 394
6 598
47 914
36 557
5 449
26 585
42 423
47 481
31 474
5 994
26 252
18 437
18 237
12 367
48 181
20 66
21 768
1 932
28 277
20 435
5 981
6 405
10 644
40 575
6 610
38 243
43 247
22 764
17 832
30 793
35 823
9 118
3 853
25 13
43 64
49 658
32 194
38 365
21 185
39 591
21 134
4 788
41 684
22 454
5 412
4 970
18 214
2 495
38 851
7 135
16 379
5 938
14 909
11 452
46 626
20 51
14 806
45 375
29 123
39 999
28 690
36 991
10 732
46 593
5 332
17 272
42 841
17 904
32 306
6 266
29 545
32 591
34 173
20 319
20 200
48 403
35 4
26 886
33 448
20 784
24 931
9 908
8 521
32 648
1 571
24 281
37 942
12 986
9 103
18 854
34 568
30 242
38 281
28 237
50 992
31 87
19 707
26 903
8 55
35 203
43 264
31 54
17 711
21 919
37 848
16 562
25 669
27 787
39 69
22 389
44 197
35 304
47 200
19 426
6 538
22 428
31 897
16 470
39 794
49 944
39 778
40 929
41 259
25 43
42 678
13 748
44 636
47 595
39 664
36 579
34 163
2 569
45 135
14 200
50 480
6 190
46 627
14 481
4 517
32 997
18 454
31 704
3 464
7 368
31 797
2 724
31 487
5 171
10 48
45 373
16 569
3 773
5 654
14 773
9 496
40 373
25 333
22 625
30 326
23 67
29 37
8 327
7 435
42 553
24 115
20 557
37 156
37 635
24 650
19 426
38 500
26 608
36 535
20 973
15 422
23 138
12 723
31 43
18 798
6 390
45 950
34 85
48 926
46 112
38 39
1 417
48 81
31 488
44 69
19 891
46 787
12 351
19 471
25 50
17 237
20 737
29 374
34 705
39 526
4 607
16 213
1 627
36 452
8 24
49 610
42 912
22 948
48 879
37 757
50 581
31 384
11 329
9 236
16 773
6 527
15 726
42 413
19 638
47 973
42 951
10 725
4 628
44 16
6 454
47 611
14 729
10 408
37 839
32 357
36 360
49 792
33 264
28 663
20 323
17 118
48 276
26 986
10 728
41 232
35 705
25 596
31 387
39 185
17 630
48 893
3 984
4 779
32 589
15 419
50 417
23 530
47 664
16 13
30 831
47 419
33 9
1 855
45 395
45 595
3 603
39 766
32 132
12 881
41 585
1 535
1 792
37 359
22 198
37 945
23 830
46 3
29 307
18 193
27 482
42 222
40 487
21 916
42 336
46 17
30 17
26 51
15 995
50 853
13 151
7 56
25 434
33 113
49 836
11 919
43 227
39 68
20 922
13 222
43 65
22 994
48 537
14 883
44 483
37 408
12 247
31 955
24 333
33 13
13 120
31 35
1 991
47 439
46 280
39 521
44 842
2 356
9 402
42 161
5 602
1 914
38 750
46 897
13 568
9 158
45 95
45 938
18 566
34 180
20 346
39 816
46 920
25 969
29 708
7 459
45 177
34 529
28 877
23 737
35 323
22 821
39 428
20 520
33 634
42 160
19 961
19 844
17 589
8 126
4 919
3 150
11 264
30 304
14 100
27 850
48 582
21 24
12 794
7 265
44 576
23 38
8 947
5 396
16 683
3 859
41 431
38 836
16 637
10 819
23 867
35 886
32 420
33 441
30 39
41 472
35 628
3 933
20 864
36 600
28 320
19 599
1 476
18 556
13 819
17 590
48 992
33 472
40 32
1 832
5 952
41 809
1 734
47 35
12 365
46 924
42 233
9 658
19 341
22 210
1 694
27 586
10 194
9 601
32 220
2 131
9 200
26 345
38 861
17 403
36 797
14 371
39 629
42 177
39 260
25 505
30 872
25 257
18 742
7 685
42 384
44 97
21 366
48 248
10 591
20 242
31 375
39 229
34 721
29 5
33 167
25 381
42 425
3 584
33 912
2 557
5 437
28 643
45 660
43 53
23 332
29 332
32 712
12 853
26 712
33 702
35 891
49 829
6 327
21 529
47 604
2 951
34 761
32 523
35 707
19 215
4 371
18 20
38 495
2 288
23 967
20 530
9 109
9 509
34 451
34 108
41 107
33 375
2 653
2 443
22 803
38 772
19 339
47 976
5 527
8 285
7 303
49 892
34 432
32 139
3 189
13 975
48 888
1 660
49 63
6 196
42 374
12 897
9 252
15 539
12 935
7 418
46 391
2 84
8 93
8 324
5 885
1 313
4 130
4 728
28 519
18 170
24 29
50 864
43 64
18 298
9 518
37 830
34 914
47 320
17 442
14 259
7 398
7 724
12 942
50 928
9 988
38 425
48 367
3 28
31 307
34 655
41 771
31 484
21 183
5 46
41 4
20 315
39 762
35 911
7 791
48 255
28 366
16 435
40 942
41 27
44 6
32 536
24 215
19 919
38 945
38 650
42 566
37 429
38 557
3 333
25 778
14 314
25 481
39 113
15 166
31 742
6 109
7 163
15 571
32 496
39 611
31 20
23 784
31 301
41 438
10 42
7 96
6 149
1 84
43 895
3 648
14 892
9 267
24 324
14 437
41 734
21 658
33 234
33 99
14 300
21 247
7 242
2 424
18 966
48 155
13 107
18 194
39 640
38 755
12 615
7 495
8 814
49 671
19 780
30 821
38 875
41 824
6 938
35 804
43 549
1 279
11 299
31 690
46 790
26 791
25 959
10 566
14 707
30 798
6 217
49 493
23 274
23 737
38 624
30 349
2 602
14 125
34 820
37 154
29 713
46 776
7 982
2 213
9 50
17 514
14 918
27 682
32 898
5 63
24 948
29 118
43 431
15 277
9 809
44 911
38 793
46 797
9 47
35 858
39 41
38 540
21 193
32 643
32 134
38 29
9 384
28 602
35 279
8 843
14 919
44 702
49 591
3 430
4 605
6 694
17 94
26 782
17 72
23 407
47 996
40 671
45 834
38 86
36 6
34 718
23 831
14 110
6 50
5 298
43 196
49 679
33 728
13 507
8 132
26 260
11 273
25 246
26 126
13 227
9 217
34 607
44 209
3 247
45 310
45 737
48 357
28 661
14 538
14 822
6 664
47 918
6 617
28 619
8 542
37 281
22 386
38 713
10 426
11 337
48 831
2 394
41 264
31 299
9 404
10 29
40 656
8 483
9 660
10 906
14 40
19 726
44 464
24 276
2 963
36 257
15 952
46 977
39 177
3 151
40 697
38 86
6 803
33 803
33 805
33 836
41 833
30 543
21 664
36 83
30 721
8 691
12 444
47 954
26 343
38 448
38 557
33 677
4 705
24 453
2 392
47 652
21 995
26 420
20 969
43 437
34 477
39 954
46 61
30 863
37 827
31 990
10 503
44 111
34 898
12 739
37 949
17 105
9 401
34 268
1 791
43 589
34 677
34 681
47 888
22 369
25 796
31 36
17 130
11 430
43 778
22 190
33 735
1 865
30 343
3 558
6 209
1 958
8 157
29 435
21 837
3 369
8 688
36 520
1 521
43 866
20 785
42 9
48 950
18 91
49 477
36 351
22 311
15 328
25 431
33 159
41 66
21 357
38 898
49 101
32 662
24 915
48 81
38 575
47 286
50 911
39 40
33 221
5 498
1 297
28 65
36 473
30 730
20 785
5 157
25 934
5 162
39 985
38 907
49 865
16 444
36 260
26 277
8 837
10 814
1 38
46 306
36 184
8 41
14 119
12 339
4 642
28 353
2 458
5 77
10 861
29 705
46 184
44 921
24 33
10 250
4 133
21 341
47 439
1 319
34 199
15 884
8 568
26 777
13 122
42 726
37 684
20 494
28 194
27 218
44 960
28 729
3 667
47 963
15 427
2 518
26 952
2 360
7 251
27 699
44 894
36 466
9 922
28 379
11 978
8 451
32 851
5 524
36 401
44 507
48 297
13 266
30 422
30 817
15 357
15 298
43 803
17 394
45 670
18 106
49 391
45 296
49 851
20 910
48 512
43 856
17 500
26 446
18 558
7 953
6 603
36 756
18 407
1 805
12 708
9 498
30 686
15 711
11 143
10 776
15 97
35 956
14 259
3 243
38 168
48 914
33 942
45 453
50 742
11 47
43 347
13 991
25 280
46 802
30 112
38 715
30 443
8 15
34 78
8 58
23 865
2 155
47 719
9 352
35 660
11 350
23 203
2 441
48 550
23 346
17 129
43 901
27 9
29 487
23 585
38 918
20 729
23 388
27 966
33 265
45 943
13 4
33 620
13 126
3 361
48 906
42 359
47 495
10 522
46 257
34 928
22 626
45 446
20 204
7 166
42 40
30 823
28 327
23 19
17 103
27 677
32 604
35 413
5 533
27 695
38 862
46 112
36 877
37 488
25 268
15 224
8 740
5 562
5 160
22 499
10 585
29 361
7 746
44 789
23 353
11 320
24 203
17 877
17 59
8 909
1 136
30 239
22 118
41 246
47 97
10 45
9 546
9 444
6 728
22 621
8 970
18 856
22 524
39 120
13 710
20 673
46 456
28 361
41 752
9 741
19 973
5 32
8 218
14 966
19 317
7 214
48 894
30 507
2 167
41 188
2 294
44 322
40 219
30 505
16 457
16 564
34 221
29 522
49 292
9 100
48 475
19 346
21 207
44 851
27 624
20 866
27 13
31 697
39 853
10 572
39 271
19 998
22 592
45 792
29 686
26 933
31 93
38 162
30 539
2 605
5 62
33 172
21 502
34 145
8 633
8 705
35 731
13 326
28 534
10 850
40 893
17 973
27 577
13 507
8 265
44 34
6 996
28 598
15 64
35 399
42 506
38 533
11 273
32 931
36 352
10 318
15 611
30 412
47 133
13 293
50 290
46 272
16 711
24 895
35 422
43 873
28 614
6 503
11 212
28 376
25 177
13 848
13 824
27 430
40 494
9 731
25 377
18 891
6 580
36 960
24 796
27 352
12 731
8 955
6 814
38 92
34 92
35 490
48 304
47 846
48 628
25 180
41 179
22 866
48 80
14 804
36 937
40 505
14 388
39 749
25 930
41 772
5 73
50 122
25 392
40 599
19 447
22 724
6 68
3 432
1 642
39 604
13 907
30 484
22 813
15 92
20 988
31 613
13 368
46 602
13 85
13 207
9 691
9 990
17 403
47 57
45 465
17 555
7 859
19 902
4 857
34 669
23 857
41 336
36 905
26 205
1 11
24 936
18 846
43 250
5 557
6 738
35 385
39 368
41 643
14 477
26 402
25 185
48 706
41 570
16 709
21 868
10 439
22 345
2 584
32 322
36 744
46 568
12 88
35 545
26 499
26 777
49 975
40 175
9 58
25 800
10 855
10 954
16 761
48 654
41 766
27 645
50 390
26 77
34 570
45 120
7 788
36 886
21 248
25 823
34 973
23 589
9 271
47 116
18 400
31 506
22 969
19 749
48 233
25 678
8 581
14 205
30 689
44 159
35 307
1 251
12 182
20 71
9 282
8 127
30 331
18 592
15 941
32 448
19 94
17 321
9 884
20 683
43 95
34 766
13 256
48 572
43 121
36 646
20 157
19 998
2 574
18 228
9 893
32 751
39 498
21 726
42 650
24 386
9 719
6 152
49 963
4 234
32 567
33 86
6 258
32 901
34 554
41 85
45 942
47 638
14 645
12 281
22 605
16 683
25 36
23 720
3 183
19 379
20 622
29 27
48 799
27 246
2 110
24 955
17 261
26 665
3 14
6 875
7 539
17 330
10 437
2 592
48 637
14 561
3 49
31 750
22 296
34 124
6 187
16 392
12 617
21 158
42 287
42 813
35 18
13 189
33 913
14 173
32 485
23 297
39 511
49 100
48 948
17 751
16 103
33 823
2 823
7 294
17 619
19 228
25 631
16 786
43 128
38 179
46 177
45 418
32 491
49 254
42 80
17 341
14 133
45 978
44 67
47 493
41 755
26 55
15 830
25 804
45 764
31 62
2 572
31 172
46 227
2 693
19 570
18 746
27 525
34 292
10 585
9 765
30 542
43 668
27 348
8 311
7 424
21 797
2 723
2 627
23 14
22 14
22 434
50 27
2 872
15 16
48 174
45 350
6 712
40 267
16 274
6 418
47 52
43 849
25 629
22 971
44 435
17 501
44 337
3 871
46 628
32 20
19 254
7 429
38 484
33 617
9 922
50 368
7 897
49 251
38 811
16 348
36 695
1 536
8 167
33 794
50 9
27 704
2 742
2 606
5 795
25 870
29 937
2 805
9 596
39 79
12 409
3 729
14 206
45 387
22 594
16 336
2 929
19 480
40 721
41 670
47 250
18 505
17 563
31 173
42 237
26 991
29 111
19 581
37 663
12 871
5 368
49 398
50 528
45 170
19 627
23 241
16 518
21 980
20 585
10 321
19 491
29 37
33 830
40 61
24 602
49 39
32 778
44 237
19 252
33 554
40 316
32 2
22 73
33 795
41 200
40 843
49 406
50 343
7 794
6 902
41 355
5 725
31 862
10 445
25 683
26 383
14 591
43 745
8 747
20 672
18 858
31 262
14 737
22 598
24 290
48 688
23 394
40 97
50 954
32 14
19 156
47 527
26 875
43 101
13 15
12 470
9 704
42 503
10 168
19 516
14 339
46 856
44 602
17 878
28 707
16 609
45 199
16 636
11 364
39 113
4 674
36 345
42 751
44 284
25 844
5 74
34 87
5 930
17 888
48 115
50 727
8 480
30 682
5 927
11 319
42 94
45 476
4 165
47 813
20 845
9 379
18 860
32 649
16 921
17 82
6 650
48 693
1 503
38 352
36 224
5 438
8 769
22 479
8 570
1 284
5 805
25 323
28 392
31 524
32 932
28 148
27 109
38 347
40 82
18 712
32 217
42 50
48 401
16 122
34 540
23 759
49 488
43 355
10 734
50 972
13 90
32 137
11 982
25 473
28 101
34 698
46 134
5 811
5 522
38 649
13 766
22 297
42 143
12 847
35 559
21 59
19 272
30 537
7 835
29 800
21 515
14 747
23 774
49 822
28 820
26 517
1 443
2 217
33 762
48 801
32 770
39 126
48 698
42 167
38 93
41 79
21 992
19 302
45 945
42 974
9 517
33 342
25 359
4 506
25 620
45 340
1 704
16 849
45 137
5 468
22 86
11 562
3 849
34 87
22 546
29 521
25 315
15 296
46 48
45 7
5 714
13 71
22 784
36 292
36 426
45 868
35 327
30 638
33 894
32 963
31 222
41 461
31 65
25 728
16 696
35 782
45 226
20 711
48 947
40 123
12 107
21 861
15 166
11 164
4 314
6 742
32 16
50 542
16 408
15 366
35 273
24 238
17 166
44 653
39 456
47 849
11 381
11 120
7 70
38 927
32 114
21 441
10 838
11 248
46 146
15 65
39 472
6 750
9 433
22 272
36 175
17 787
1 108
42 11
29 655
37 534
12 694
48 199
37 145
12 935
9 177
28 13
40 478
7 264
36 131
27 937
27 499
38 810
40 640
49 205
15 213
1 408
7 475
27 391
17 16
16 744
15 404
29 503
10 293
37 431
49 495
44 689
10 173
6 601
11 573
10 907
49 841
2 560
11 160
37 779
50 824
10 339
29 426
36 153
28 75
29 876
38 171
6 952
43 483
16 834
28 993
28 964
16 484
13 17
18 70
26 298
48 863
38 390
24 145
24 242
43 812
28 564
12 44
10 375
11 325
45 384
26 464
42 732
30 424
50 989
45 555
37 323
24 644
17 333
42 275
27 491
33 560
15 397
29 358
32 664
2 570
20 331
46 223
36 24
31 627
2 781
14 52
22 716
43 860
37 978
42 624
1 747
28 985
38 805
38 621
30 526
36 441
6 577
6 819
46 607
47 149
21 53
12 595
22 979
34 702
42 187
18 809
30 44
27 658
50 126
15 791
39 760
2 463
7 241
37 479
12 840
40 977
1 745
5 631
25 999
24 49
2 28
2 753
31 901
21 804
12 30
13 459
1 259
44 924
41 608
11 474
27 351
21 616
1 130
49 805
30 709
22 942
2 731
40 273
8 35
20 939
2 194
22 503
5 376
13 796
35 49
35 65
16 408
30 133
17 169
17 867
27 390
35 447
42 545
44 847
4 491
24 382
26 848
14 680
8 293
35 76
25 789
15 827
43 233
13 725
2 254
42 501
42 597
35 970
17 869
10 636
35 615
27 958
50 98
9 831
23 958
4 724
39 54
3 546
10 766
12 864
36 825
3 9
1 985
37 432
8 177
5 540
8 592
25 376
27 984
6 358
17 548
44 335
8 768
18 613
35 420
10 751
11 883
34 762
13 809
13 350
4 653
14 317
43 188
44 279
38 258
31 667
25 968
14 306
50 436
13 590
50 776
50 177
45 294
29 504
30 133
10 467
17 472
36 793
19 836
16 625
46 917
42 785
29 816
1 593
46 761
39 447
19 526
39 778
49 362
50 634
50 634
13 708
19 221
7 299
47 519
40 863
50 756
15 524
27 820
35 836
6 963
50 707
18 842
47 403
43 4
29 580
47 588
8 29
26 120
6 196
41 552
5 988
43 335
38 73
39 722
24 491
48 743
6 113
28 2
5 679
27 395
48 385
25 139
31 163
32 439
2 625
30 553
5 427
4 785
12 302
32 676
5 408
12 145
20 370
38 802
25 918
8 436
43 170
13 65
33 325
7 905
38 937
31 129
27 203
5 552
42 498
25 32
21 292
18 735
2 488
15 914
22 100
13 24
29 773
21 897
26 856
32 698
40 889
35 475
47 318
23 283
43 677
5 572
30 153
21 825
20 764
47 211
28 601
36 365
30 153
16 523
29 742
26 184
24 448
12 840
36 32
50 788
10 311
25 979
14 468
44 729
32 189
3 592
2 285
12 467
19 789
43 172
31 519
20 368
41 535
28 213
35 397
50 595
33 844
7 436
11 264
7 311
6 975
45 78
30 63
22 619
31 440
31 510
1 896
5 601
26 219
26 96
31 74
32 315
39 584
21 795
7 125
24 164
24 64
45 377
2 23
11 757
1 94
44 524
37 371
27 102
50 721
22 307
46 809
5 220
30 413
25 765
19 777
20 409
18 34
30 427
11 287
3 928
17 217
26 461
31 487
46 147
9 663
45 917
31 573
24 855
41 472
40 573
28 696
46 702
41 446
50 930
48 33
4 68
13 617
34 982
24 350
43 220
5 590
30 898
13 644
37 33
12 723
18 142
43 121
49 448
7 801
35 576
10 280
27 625
4 152
32 192
4 950
45 734
48 992
46 369
6 89
42 495
41 530
46 435
25 783
22 124
34 839
28 31
37 881
29 382
11 672
19 38
24 976
26 508
40 625
21 304
40 776
43 888
35 429
28 670
37 31
20 118
17 374
29 540
42 695
39 182
7 243
40 869
8 910
35 706
15 631
28 472
2 123
39 696
5 475
35 555
28 938
9 465
2 804
47 157
36 151
45 207
29 453
12 726
37 350
18 92
10 207
30 139
8 898
4 728
42 269
20 730
43 561
41 25
46 924
12 876
48 579
22 9
43 363
50 841
3 817
38 27
48 60
33 482
43 925
1 553
28 614
13 406
6 663
30 456
42 421
47 214
27 497
19 616
31 590
6 532
7 122
42 210
25 568
32 708
41 785
3 422
45 220
39 494
28 272
7 648
36 142
19 50
40 174
27 242
24 348
20 98
26 879
46 2
6 675
10 183
29 115
10 786
48 535
38 86
30 150
41 799
28 464
9 904
6 126
23 153
23 269
47 252
38 358
50 263
38 634
30 310
48 173
36 441
42 645
21 781
14 528
16 575
38 354
35 763
35 744
42 833
37 992
47 889
46 26
31 924
21 730
17 995
22 353
31 756
17 136
16 79
37 283
36 279
3 890
15 149
44 397
49 928
44 253
33 918
42 982
40 351
12 976
43 613
1 334
22 985
15 415
3 461
6 643
16 129
14 109
45 508
30 412
39 209
36 385
50 647
30 913
6 125
14 306
43 428
36 980
43 849
47 96
6 184
24 618
4 651
13 120
47 354
42 401
1 574
20 693
25 534
9 925
10 271
4 592
46 750
25 75
44 613
5 324
33 324
21 577
43 848
18 304
26 603
44 697
40 614
43 639
31 316
42 480
26 390
35 175
17 897
46 557
8 302
6 948
14 374
36 185
30 767
6 158
15 591
3 64
8 752
29 954
35 324
46 326
25 621
47 886
6 412
47 157
18 500
25 725
40 99
27 854
7 597
46 672
39 196
46 197
12 668
32 798
44 516
30 281
28 726
30 779
10 619
26 875
32 991
5 701
38 218
37 559
27 154
9 336
38 422
35 628
29 271
4 606
48 583
26 336
40 577
40 112
36 464
26 45
40 797
10 386
21 864
8 864
23 536
23 618
22 25
45 300
10 96
27 562
29 554
17 410
13 89
11 810
46 779
11 87
50 229
2 648
21 629
31 572
14 637
37 512
4 107
37 789
27 521
47 491
3 692
5 394
31 367
22 380
27 84
50 272
8 255
29 713
35 996
18 190
37 319
40 881
18 80
23 303
41 637
16 236
34 782
44 330
47 16
24 446
9 100
38 967
40 756
30 756
46 967
31 520
11 738
38 581
1 608
50 364
26 749
15 97
2 111
19 165
17 587
4 162
33 837
15 844
42 180
16 837
48 65
26 123
11 172
37 805
6 53
40 583
11 340
8 179
44 533
45 525
31 288
36 568
24 518
10 455
46 973
41 621
26 837
27 740
16 591
26 89
7 851
36 59
31 401
33 143
16 389
33 50
38 690
30 660
19 468
20 422
41 551
42 226
26 55
47 335
26 1000
7 847
35 89
19 453
15 501
17 157
21 953
24 541
9 321
43 634
26 687
34 500
26 445
24 489
8 917
42 890
16 84
32 581
10 474
5 491
16 855
20 634
24 287
10 116
10 722
13 601
9 74
10 448
42 704
27 859
42 390
25 746
36 605
25 328
28 268
32 475
28 116
21 61
21 958
28 343
25 224
19 230
36 879
34 330
40 182
30 345
50 440
6 976
21 77
37 912
8 292
49 50
16 560
39 654
4 233
13 318
7 971
17 812
28 192
42 107
25 52
16 834
33 901
16 227
11 564
15 207
41 423
31 572
35 641
44 690
30 918
37 437
18 511
34 704
42 538
36 981
47 820
40 799
2 816
17 116
6 360
13 989
30 509
6 885
36 732
1 61
4 783
36 159
19 244
49 697
41 317
28 579
24 446
17 118
14 240
42 368
7 957
24 175
10 286
17 837
32 429
22 920
35 680
30 464
12 97
43 360
41 489
40 527
10 946
39 786
8 1000
29 71
1 956
5 592
47 460
27 946
31 94
14 42
28 802
30 858
21 708
44 909
8 417
11 419
16 325
12 506
36 146
38 265
13 955
40 830
31 974
34 337
1 162
9 462
10 294
48 146
31 815
13 457
41 208
42 164
40 370
15 194
10 559
4 185
18 693
46 851
25 633
13 919
9 156
11 846
39 279
30 78
22 239
32 724
47 444
35 872
35 330
32 942
21 502
41 634
32 295
50 888
28 690
27 758
49 450
15 704
37 83
36 480
24 788
21 76
29 2
7 336
33 437
19 669
23 416
34 571
45 79
15 726
3 837
48 254
38 143
1 91
43 508
9 610
40 160
7 178
48 513
23 613
15 667
28 651
3 634
13 770
7 729
24 104
45 941
15 229
22 441
31 534
21 47
28 830
48 209
10 729
5 266
35 447
30 365
21 532
1 508
11 401
50 280
28 391
48 298
32 911
14 809
3 594
36 474
5 475
25 320
32 393
28 617
24 226
9 403
27 489
17 809
41 241
6 369
4 201
33 406
48 388
33 486
33 630
29 236
43 762
4 717
21 845
32 442
26 633
27 851
50 169
26 309
19 339
27 345
4 950
16 674
25 482
45 36
22 457
7 570
11 832
31 776
49 980
13 256
8 522
47 379
22 616
16 600
19 544
10 168
36 774
5 948
49 825
13 719
32 25
31 676
9 81
5 347
21 239
45 821
1 893
8 95
42 176
19 504
8 209
43 465
18 126
9 589
37 426
18 907
36 292
20 114
41 724
32 645
49 870
41 940
40 460
38 883
39 587
48 518
29 432
33 777
47 915
30 97
12 416
2 646
7 775
18 181
48 911
7 478
50 218
4 595
31 638
14 710
14 432
1 297
8 225
19 988
17 804
1 58
38 519
2 337
50 333
32 734
12 397
30 355
38 702
38 544
14 610
23 609
40 627
8 922
37 751
14 259
33 530
31 183
18 801
37 207
16 349
1 347
3 979
17 422
10 95
6 584
20 104
46 527
31 459
16 863
8 585
34 636
34 151
23 900
43 904
15 129
39 776
12 737
32 527
23 894
12 898
29 514
21 49
9 138
37 519
10 212
1 96
50 872
29 770
3 678
31 286
23 981
9 623
19 251
21 32
23 742
38 576
7 332
1 289
32 2
13 744
37 880
37 622
12 781
8 287
25 825
35 659
24 642
15 78
20 540
31 455
11 171
24 935
21 624
27 523
34 410
19 100
15 147
41 978
33 740
30 612
21 73
1 545
7 900
31 140
2 849
11 702
8 64
1 5
27 247
46 364
40 906
9 594
8 151
9 374
16 979
12 631
41 935
27 59
42 311
8 899
35 33
15 880
49 657
5 33
45 89
43 523
15 409
8 961
10 521
33 906
47 753
49 403
10 457
35 56
19 388
39 276
42 352
49 500
17 689
44 456
13 693
2 669
3 713
39 567
7 850
50 194
12 72
8 598
15 354
24 308
22 856
45 519
12 498
2 336
2 711
14 365
10 909
20 110
2 58
16 825
23 641
36 715
3 956
7 192
46 900
41 843
37 117
25 413
26 268
23 201
41 771
1 358
5 947
50 987
21 635
30 817
42 781
22 257
11 659
30 968
1 119
42 788
26 747
14 313
25 840
28 589
45 616
27 962
17 966
9 499
10 895
17 866
9 984
8 698
37 837
20 25
2 761
8 757
26 325
25 270
24 696
17 398
29 661
8 354
28 981
3 559
11 331
43 597
41 273
43 766
14 77
50 978
33 926
23 794
30 896
41 513
20 146
28 866
19 840
17 998
3 140
1 451
9 546
50 277
40 691
13 840
16 523
37 356
9 218
6 702
6 637
41 529
1 81
46 95
2 220
10 963
11 190
3 1000
14 339
32 14
16 337
33 254
5 879
8 95
47 852
20 595
14 162
47 460
30 832
2 389
35 572
27 214
30 789
4 916
47 78
15 221
28 315
49 169
32 689
12 559
15 471
26 884
23 954
18 356
45 466
41 180
2 365
25 184
45 622
29 617
17 806
12 703
23 689
23 790
27 305
11 491
50 658
2 712
35 696
37 251
38 50
2 152
30 586
35 754
37 209
7 330
38 464
33 768
40 663
44 741
20 590
31 860
32 228
46 918
18 122
48 594
7 793
8 352
14 652
26 873
38 178
23 935
42 886
7 573
13 431
38 396
25 243
11 465
48 780
34 145
25 853
38 536
47 137
22 701
35 483
5 850
34 569
36 421
3 65
34 465
50 442
17 683
43 35
2 293
15 614
26 108
14 150
12 26
31 619
47 795
34 53
10 72
30 998
16 366
26 639
3 176
14 660
33 699
28 69
26 643
21 395
22 268
32 509
48 135
44 337
31 105
41 42
49 640
37 420
7 32
41 279
21 609
23 215
10 808
9 183
48 881
36 793
35 815
40 116
9 273
33 267
20 572
38 53
8 520
47 26
29 118
38 311
27 801
23 953
16 708
31 636
14 508
32 552
32 889
12 66
7 235
21 589
45 878
29 132
3 423
33 902
18 540
50 492
44 371
7 823
33 158
44 122
43 518
37 710
19 882
1 599
14 775
26 237
31 110
49 827
28 268
1 955
29 103
32 881
16 507
19 857
10 897
16 437
15 268
18 231
3 809
42 489
36 892
7 979
7 831
28 125
27 742
30 834
39 809
43 26
8 987
18 618
32 552
8 196
29 219
9 246
22 12
35 448
19 141
49 795
16 320
18 11
15 505
19 35
31 693
38 456
36 64
31 863
34 791
21 248
13 776
39 925
4 356
21 121
24 747
26 744
30 534
19 70
29 784
25 691
40 300
16 707
12 669
25 355
32 747
12 252
14 779
7 500
44 690
45 982
47 495
25 517
46 621
36 664
46 268
38 221
46 582
12 59
8 647
40 34
15 690
21 59
42 179
1 365
46 376
14 334
37 512
17 226
9 601
38 934
25 112
43 62
44 847
6 989
5 367
9 856
34 721
36 91
47 50
25 860
39 644
1 581
34 325
42 962
11 373
23 845
32 107
15 306
45 982
23 232
24 825
29 968
48 692
27 154
12 813
2 229
2 984
1 562
21 88
43 928
27 213
21 92
29 29
14 903
35 329
50 875
19 376
36 807
38 728
7 605
46 504
23 379
10 113
13 304
5 915
4 823
35 66
47 169
44 393
10 309
7 22
19 280
6 588
37 5
13 459
5 475
42 538
11 596
27 794
31 321
50 528
37 982
11 159
1 456
45 925
10 618
10 214
1 807
45 758
27 867
48 70
32 759
43 906
2 830
7 781
13 226
44 999
12 702
30 785
28 133
22 130
48 936
28 143
24 244
30 129
33 827
13 452
38 876
6 88
41 436
2 729
24 330
15 693
37 603
9 919
3 994
4 483
11 875
38 868
15 540
29 142
31 286
6 104
20 846
42 122
22 404
11 821
18 711
38 984
38 499
45 153
20 118
17 225
39 565
19 601
13 910
22 347
50 322
2 127
33 339
5 440
13 737
36 326
34 918
50 638
29 824
40 811
41 876
28 842
27 958
25 157
25 360
24 456
36 302
17 592
12 975
33 197
13 304
21 966
35 219
42 691
14 732
12 549
40 50
23 998
3 591
21 306
36 823
4 792
3 524
3 887
11 179
38 924
46 695
36 288
1 311
21 776
30 29
5 678
31 495
44 950
8 70
47 932
41 327
36 975
7 692
48 89
47 768
26 500
2 244
37 63
43 7
35 138
10 272
7 343
44 745
32 357
35 58
41 167
40 994
34 571
38 12
47 414
2 620
48 133
9 125
40 942
38 350
36 828
1 470
49 356
17 695
35 652
36 528
29 369
10 347
41 76
3 398
39 207
39 576
7 995
40 138
25 358
32 759
3 809
23 992
26 345
48 9
40 308
35 587
33 70
34 356
5 484
42 129
29 181
24 925
48 415
13 594
10 882
36 995
47 932
41 323
10 568
48 68
34 794
40 387
2 592
18 158
33 519
45 971
26 439
18 130
3 272
49 79
17 288
32 914
15 585
43 241
33 548
25 119
24 899
35 24
26 98
43 772
34 867
46 536
16 752
37 467
10 83
1 599
41 583
8 854
44 511
46 798
38 868
18 965
4 310
16 439
31 975
9 657
15 123
28 919
25 518
21 458
40 606
26 943
37 102
23 426
32 258
15 240
15 999
13 24
22 216
36 541
4 491
24 674
26 151
5 806
40 786
17 765
24 668
15 981
25 487
49 902
6 401
8 495
43 484
46 30
28 106
18 726
8 188
39 189
7 111
13 78
8 746
49 938
47 368
39 315
43 957
8 405
44 801
49 451
40 359
21 691
14 140
1 204
41 711
2 394
39 684
29 677
6 407
4 49
12 126
26 182
12 621
11 199
36 904
20 115
29 258
20 414
29 655
11 913
31 558
6 341
9 151
6 936
4 679
34 580
25 529
34 965
1 537
8 71
36 810
37 721
20 991
7 516
17 744
42 512
45 784
16 982
12 276
14 388
26 115
32 137
1 980
21 47
27 337
32 826
32 414
41 141
35 612
21 536
34 481
41 645
12 271
14 238
15 789
36 102
15 195
16 926
8 140
24 267
27 328
2 701
18 804
33 868
49 423
11 365
23 193
11 614
45 564
25 346
30 372
50 377
40 924
15 284
21 709
19 456
41 80
27 97
44 957
8 37
3 828
29 62
44 759
44 714
13 824
7 566
31 861
39 721
41 722
3 772
7 64
46 514
5 292
49 950
32 594
18 800
7 672
25 194
5 956
3 558
25 578
8 737
39 732
25 611
12 916
7 968
22 665
11 560
50 869
4 112
2 532
12 92
3 984
7 245
36 85
18 133
18 608
15 453
22 126
2 38
17 901
22 186
37 623
14 586
10 198
15 472
14 395
31 836
33 298
26 473
36 708
43 676
41 98
20 666
40 934
42 7
13 78
2 487
37 602
5 541
23 876
18 66
27 1
34 246
12 613
42 654
12 91
47 915
27 129
24 412
14 301
31 789
18 908
14 571
3 198
18 893
33 595
43 847
48 27
37 475
19 603
47 705
3 27
38 97
23 266
29 619
7 612
40 333
2 638
25 632
23 727
43 670
30 927
11 647
37 320
32 770
30 600
25 601
39 81
19 632
26 828
41 451
49 670
15 494
15 854
9 338
44 205
35 934
50 646
14 998
25 375
20 901
5 545
48 639
48 535
27 753
17 354
5 59
31 419
26 778
40 261
35 761
29 715
27 907
21 612
41 659
49 193
43 642
9 557
22 301
16 977
42 668
20 659
6 595
8 328
47 920
37 15
2 389
32 262
40 418
2 618
36 95
18 143
3 445
10 948
32 600
31 215
30 771
34 480
24 129
7 219
40 480
13 726
43 778
41 49
11 512
15 628
4 547
34 7
14 619
45 27
36 924
41 49
49 472
17 133
11 229
32 266
43 245
17 634
27 510
18 847
17 967
50 572
5 959
9 718
41 276
11 151
40 261
8 373
24 264
24 828
1 131
12 459
46 388
5 993
39 916
43 45
27 139
24 203
43 566
20 106
11 815
27 614
15 806
16 275
22 509
17 804
32 355
34 252
48 749
32 929
41 842
21 23
5 936
45 605
39 865
33 728
48 126
6 156
17 358
24 505
49 324
48 363
17 728
19 254
32 291
49 216
6 267
22 885
11 832
48 844
11 551
42 462
39 72
42 441
44 988
37 345
23 579
9 644
17 905
2 173
1 378
30 553
24 353
27 910
31 551
5 555
23 688
46 242
45 360
48 430
33 895
46 456
11 611
8 405
18 483
11 357
13 804
16 878
45 320
13 215
19 585
26 918
16 793
43 631
24 978
30 206
9 326
48 993
27 456
20 746
46 434
26 604
27 546
42 269
4 890
12 72
3 134
29 486
11 360
29 86
11 159
13 263
12 168
26 802
34 783
8 876
17 605
45 873
6 953
4 559
26 182
23 350
2 700
10 441
7 179
41 54
34 401
37 491
48 509
32 586
41 257
16 53
31 622
43 207
19 450
2 615
29 512
19 708
35 746
23 525
43 547
38 616
17 902
45 390
14 619
10 520
5 41
