7 164
33 324
50 320
4 221
26 361
38 260
12 426
24 36
21 575
7 282
7 205
19 559
3 386
35 302
48 194
13 363
22 171
48 301
21 277
17 181
12 181
28 259
47 492
32 523
11 33
19 150
48 217
39 236
39 175
19 527
23 310
36 492
7 486
36 277
30 61
42 482
1 10
10 23
30 172
26 485
50 411
21 335
29 491
18 560
27 83
5 337
32 349
23 88
46 504
3 42
32 300
23 217
19 89
35 270
21 562
42 192
38 544
12 273
19 582
14 403
2 244
42 247
28 351
42 343
14 382
28 190
34 277
11 194
9 476
37 339
32 41
18 276
36 346
31 238
32 10
25 119
20 200
44 191
36 415
50 482
4 589
7 575
11 335
20 134
44 548
14 249
47 137
50 455
27 520
16 542
18 207
27 240
22 16
45 383
37 336
2 205
48 274
11 110
48 344
34 467
5 485
43 115
17 185
45 401
23 206
28 344
10 533
40 577
23 374
15 486
36 318
22 226
29 425
10 468
12 283
35 31
5 152
26 383
48 182
48 32
9 112
49 467
11 147
20 400
13 24
34 283
26 560
36 283
47 150
16 302
17 6
18 142
16 485
32 130
31 139
13 596
45 537
16 14
19 313
5 2
38 451
11 548
44 429
47 559
46 289
36 263
4 83
11 233
30 342
46 19
17 31
38 494
26 558
3 105
29 212
49 356
21 14
43 346
47 75
39 389
11 130
49 579
39 158
4 208
3 559
11 53
19 242
12 153
6 210
14 216
33 522
25 543
34 220
32 43
43 257
49 326
20 166
45 139
49 409
30 292
27 462
2 85
5 401
15 115
12 171
26 388
31 493
39 77
48 243
43 388
20 11
19 419
32 477
45 338
34 480
10 462
25 86
36 506
45 390
19 458
3 160
23 52
31 171
40 177
32 460
7 261
34 308
23 589
9 518
46 148
8 123
35 448
44 468
36 598
16 451
3 286
27 579
46 469
20 300
40 466
30 555
5 475
19 238
41 193
23 97
13 478
15 370
2 449
37 220
3 109
44 179
43 359
11 206
17 230
37 467
39 258
30 412
28 284
26 406
20 183
41 136
36 222
25 52
16 301
3 526
7 50
24 95
8 507
2 86
32 125
23 1
50 338
28 191
27 590
29 157
20 265
28 112
24 341
31 370
44 284
17 486
17 166
18 102
30 23
26 77
19 324
20 287
13 354
48 457
45 5
19 115
9 231
35 281
20 71
40 450
34 191
36 50
12 156
12 231
11 579
13 250
8 535
8 82
2 343
16 143
46 284
45 598
23 75
7 353
11 413
22 430
49 103
10 204
10 153
24 480
41 23
49 435
17 393
46 549
30 382
46 590
37 174
30 527
10 132
29 9
36 453
7 122
8 457
13 302
31 119
23 302
24 334
33 41
3 167
6 482
2 363
24 531
13 194
26 520
17 549
21 269
24 71
7 76
10 116
25 314
12 316
44 36
3 23
43 49
32 77
43 489
11 70
14 298
42 191
20 61
1 141
36 344
47 576
31 598
4 88
47 86
39 264
25 86
7 177
2 278
14 19
22 193
17 387
20 145
39 56
24 399
27 229
24 219
49 91
37 357
44 9
11 363
23 494
24 530
48 303
2 490
7 110
35 295
13 262
29 20
21 599
46 147
50 195
7 94
32 368
33 354
20 209
15 208
40 285
4 313
41 6
35 588
34 465
19 595
8 529
33 425
4 144
19 239
8 374
41 205
48 79
31 364
26 597
17 444
40 461
24 258
42 14
18 348
33 226
41 487
34 400
6 200
21 18
34 6
8 295
36 295
48 227
45 157
17 404
33 228
42 238
13 583
29 567
20 321
3 242
40 134
20 493
24 354
32 18
50 323
40 458
50 204
47 73
31 482
6 184
2 364
39 521
18 215
31 345
12 94
7 416
30 41
7 335
15 552
4 370
37 299
26 398
36 578
34 194
46 501
32 176
29 97
46 293
23 429
17 246
22 552
7 369
33 67
47 362
14 289
19 97
40 214
20 459
29 440
48 33
1 106
14 439
33 318
37 219
24 339
17 503
35 575
50 270
25 385
50 71
36 431
38 536
40 250
39 591
41 370
50 36
3 185
42 340
48 571
7 8
30 126
20 435
2 133
26 33
22 132
46 320
15 526
2 237
6 366
39 561
3 61
29 254
41 266
43 112
38 473
33 451
27 185
44 262
24 582
50 360
30 534
33 317
29 217
20 1
42 18
27 311
2 318
29 598
44 15
29 582
43 551
50 573
32 133
10 33
11 539
46 568
17 451
13 482
38 45
22 302
23 41
16 600
44 492
49 443
2 213
27 213
14 385
2 576
13 251
27 294
13 191
49 298
15 32
43 340
39 433
3 220
2 193
32 123
16 566
45 78
34 386
25 57
47 365
38 250
39 522
35 348
4 548
21 180
13 52
14 461
28 395
38 90
12 28
24 396
11 379
21 430
12 308
14 91
12 74
34 132
16 132
42 598
32 593
15 149
31 356
38 472
19 108
19 425
2 531
37 546
21 132
41 357
5 199
47 60
12 174
42 181
34 215
33 353
32 91
50 480
36 289
32 178
20 462
50 428
9 262
35 463
39 521
49 443
27 469
25 25
5 151
30 256
5 365
4 147
47 486
23 542
43 261
32 384
50 217
27 421
32 49
29 166
44 378
47 254
41 238
29 399
41 588
16 504
34 408
42 370
6 37
11 239
29 497
18 382
17 566
15 320
25 29
38 405
42 291
21 318
40 404
13 122
28 532
23 449
14 571
37 537
31 153
32 54
3 35
44 504
45 260
7 136
17 176
29 332
37 523
13 20
17 246
6 164
36 295
5 543
6 91
34 300
9 126
17 135
5 444
28 130
42 167
41 502
9 585
35 172
30 382
2 504
8 493
29 26
48 39
22 480
24 317
27 249
1 231
26 207
29 286
12 461
41 319
31 130
8 8
49 232
32 397
23 291
18 342
9 390
30 349
2 343
7 140
1 255
42 61
20 264
1 174
49 282
37 284
36 452
5 455
38 54
30 182
19 473
47 598
42 450
30 141
32 558
31 86
32 492
26 568
10 104
42 334
10 352
26 588
14 313
46 528
12 358
6 172
19 452
14 51
10 272
49 512
10 403
24 243
31 351
39 64
32 458
21 377
30 24
27 428
20 568
31 97
38 500
22 307
50 128
5 460
49 489
33 425
24 523
16 590
18 178
5 256
44 22
40 569
44 536
34 454
37 66
34 78
44 462
28 99
21 39
21 162
28 5
8 201
32 77
6 78
1 599
12 306
39 515
48 551
44 279
14 554
6 307
25 119
47 126
21 219
2 245
38 205
50 166
13 180
47 500
16 302
31 579
7 286
32 194
28 201
43 200
21 148
20 376
40 20
50 87
7 74
39 467
34 500
17 376
11 269
37 62
29 580
42 241
44 465
18 8
17 511
29 341
1 303
19 548
13 65
15 414
36 297
19 589
38 449
23 273
39 259
10 254
48 305
15 536
8 181
3 179
21 590
21 24
21 41
35 132
44 589
4 344
23 422
5 409
43 28
18 187
37 396
24 530
15 166
22 497
47 529
19 121
34 191
15 516
7 172
44 135
7 74
4 366
41 86
49 109
9 239
22 553
25 377
42 352
1 237
16 112
33 282
37 298
34 307
32 496
30 574
1 165
19 244
27 525
13 293
35 545
40 463
31 204
50 131
30 317
48 370
38 30
35 24
9 288
31 350
6 431
9 453
5 68
13 212
23 93
22 188
43 136
41 78
36 503
41 239
21 435
36 52
8 253
35 429
46 309
36 357
30 140
17 412
42 600
18 126
42 50
19 570
2 20
50 322
25 498
23 420
28 214
5 21
12 93
29 358
32 322
10 166
29 297
12 192
31 462
37 434
23 362
6 214
29 123
23 13
31 146
16 205
11 338
24 35
2 253
12 208
16 7
14 425
50 46
48 482
26 420
23 119
39 460
30 385
20 1
45 164
29 563
42 252
39 552
7 313
47 50
11 227
4 492
30 419
47 214
25 403
8 269
4 273
17 173
41 249
41 304
47 398
15 142
38 286
27 555
37 225
25 271
15 389
41 374
24 262
21 238
36 146
28 528
46 447
31 114
5 214
34 176
13 322
4 565
47 259
27 542
17 490
50 557
40 261
17 235
14 441
28 35
20 545
43 131
9 325
26 240
28 26
12 390
34 38
21 184
8 3
27 358
46 362
6 239
29 95
43 541
13 6
26 273
34 65
25 454
50 12
12 44
16 119
25 479
19 8
22 474
46 308
39 297
45 47
26 503
36 289
8 171
13 474
31 517
41 465
29 395
1 512
5 9
48 513
32 69
7 324
34 425
25 78
23 5
22 550
48 271
37 290
39 46
47 275
42 58
50 370
19 600
14 476
9 325
41 132
36 90
3 25
30 71
28 13
21 141
4 62
39 276
25 182
18 322
40 587
31 146
33 197
25 48
16 454
19 508
42 228
9 310
36 512
44 214
12 415
6 498
28 266
19 344
33 327
7 145
43 526
46 592
38 365
4 419
13 536
26 546
33 584
21 395
9 19
45 19
45 316
17 319
50 232
1 557
33 14
37 530
46 416
49 255
44 375
23 216
35 58
27 169
31 137
10 277
28 322
10 517
15 591
39 177
9 303
40 226
27 457
48 69
32 411
11 392
19 161
43 262
45 9
37 460
43 447
43 94
37 534
6 281
31 296
20 361
25 42
36 28
1 334
11 131
2 161
31 468
38 319
11 215
22 451
49 387
30 98
37 158
30 543
8 303
21 216
39 78
41 327
10 588
7 91
45 145
16 513
46 452
14 180
25 209
46 404
2 516
47 269
24 511
28 118
17 76
45 177
14 129
9 203
33 182
50 283
18 433
21 584
20 22
1 504
21 347
31 368
44 246
8 11
46 459
35 501
10 175
45 513
25 22
18 120
12 152
37 544
6 531
6 319
46 197
27 375
27 5
37 487
34 281
28 100
25 23
15 243
10 417
43 37
9 408
25 495
38 559
3 106
43 571
39 9
25 336
15 517
18 567
16 551
19 518
44 96
41 396
21 494
36 381
45 443
11 187
41 143
2 575
7 339
20 467
37 550
15 440
8 441
25 252
14 185
5 447
28 126
1 534
17 465
14 413
41 494
23 277
9 180
18 229
27 450
36 74
37 106
14 133
4 293
21 401
36 305
10 168
10 29
8 87
15 255
3 400
7 475
7 377
17 385
8 284
34 386
4 584
9 265
21 201
6 304
4 304
13 17
6 157
19 445
4 154
34 280
28 368
44 240
31 428
42 193
22 491
23 597
38 61
41 554
49 499
26 270
17 140
13 301
41 258
14 55
28 539
35 122
36 41
23 504
46 196
48 108
37 413
47 297
49 111
15 416
5 108
7 182
9 224
25 519
49 82
10 347
35 209
17 337
36 347
20 150
38 35
34 395
46 189
42 425
1 72
9 223
7 518
1 139
8 197
43 409
30 362
27 545
41 258
10 410
2 66
8 47
38 90
7 444
48 194
42 189
26 141
19 365
23 503
27 168
43 355
29 52
50 341
17 132
41 384
31 588
47 102
1 536
2 159
12 346
22 507
1 535
3 71
43 430
30 386
15 521
7 290
23 204
32 393
39 541
19 387
12 477
9 52
32 434
41 426
18 452
17 243
48 53
7 294
15 301
19 86
22 359
23 485
45 140
10 551
10 125
20 365
20 275
18 425
14 544
14 559
40 477
5 518
1 541
46 173
49 564
20 329
39 164
47 80
46 364
38 79
48 383
25 288
5 506
15 483
43 594
41 512
45 438
18 574
29 89
11 497
9 434
3 364
16 216
38 97
32 332
26 429
20 459
8 495
31 274
11 287
6 88
42 589
17 140
17 551
12 316
19 598
5 259
33 152
37 211
40 524
25 62
40 198
19 231
18 17
20 458
15 118
6 543
26 93
36 293
6 90
2 344
48 192
24 87
47 276
47 402
38 122
16 227
45 207
12 218
41 48
26 116
26 242
28 594
41 595
3 445
25 340
2 30
24 439
42 529
43 376
27 411
49 230
47 590
21 314
30 165
44 229
37 150
41 126
45 146
42 587
50 475
16 223
38 229
11 150
41 18
35 552
7 436
12 239
1 419
16 345
8 88
16 478
26 589
24 457
50 75
1 422
32 595
24 232
12 367
41 518
40 337
11 429
10 485
46 274
50 221
28 164
43 180
23 78
18 410
30 166
37 6
26 258
37 86
31 13
43 396
46 514
7 259
47 16
14 478
42 506
23 559
30 257
7 547
13 584
9 218
25 452
19 348
34 421
48 354
9 202
32 488
18 393
32 343
8 466
21 392
22 197
46 541
1 190
45 241
37 362
2 239
27 210
31 454
47 425
33 509
40 88
3 299
9 67
6 403
10 586
46 365
6 436
45 233
19 89
3 448
50 329
23 285
9 161
45 325
37 502
35 327
5 92
43 512
43 271
48 237
10 301
32 558
18 442
30 154
10 365
39 407
35 230
27 308
45 134
3 564
24 22
38 560
47 412
42 422
35 256
18 442
48 452
17 534
18 302
20 282
35 315
37 432
43 456
47 351
39 129
11 538
21 242
22 312
42 204
45 492
37 105
13 567
42 102
4 355
19 306
4 76
44 259
21 34
27 137
6 188
37 520
9 126
12 96
13 559
12 88
46 333
13 523
33 389
19 288
6 483
18 535
18 382
14 290
10 544
25 14
47 188
49 125
4 116
20 150
7 137
5 50
7 329
45 112
45 385
35 374
26 421
9 163
48 358
13 19
41 380
20 207
19 466
37 43
44 376
1 81
2 185
27 433
3 400
26 73
15 399
14 448
36 449
15 7
32 413
25 467
47 568
31 401
28 283
6 218
31 472
50 16
40 22
6 475
24 85
20 486
46 429
29 75
22 292
50 259
14 80
41 563
29 424
22 348
40 319
39 46
37 278
19 31
49 64
47 465
40 121
25 209
33 289
8 28
49 255
24 307
32 138
12 110
39 535
32 533
45 204
13 483
31 556
42 464
27 39
8 198
15 461
9 477
12 194
31 13
14 408
9 35
21 363
35 534
12 537
41 483
39 415
47 465
50 377
28 47
49 333
39 77
19 330
19 252
6 241
36 14
4 282
44 551
47 552
45 368
43 534
34 406
4 227
42 187
20 588
12 269
45 48
34 445
24 116
50 359
38 90
15 523
21 108
20 561
5 287
43 386
10 488
28 72
18 430
35 169
21 254
43 54
11 158
13 172
21 409
44 496
31 415
39 242
12 435
15 479
21 256
2 214
6 203
31 527
21 287
30 78
13 532
15 229
32 285
16 217
20 371
8 301
7 470
44 255
32 371
19 508
44 163
22 67
47 576
34 11
38 238
41 420
28 357
33 430
1 103
43 131
20 452
37 58
10 578
45 555
10 471
28 416
42 441
19 46
32 428
37 327
44 439
8 460
30 394
9 202
29 359
17 227
1 212
21 246
5 348
49 416
12 156
30 91
10 419
13 502
30 2
12 125
42 1
30 250
43 596
24 357
6 447
40 377
31 356
16 90
18 288
26 479
1 106
23 325
11 471
19 580
25 541
28 60
12 445
14 552
15 171
36 119
19 488
28 501
47 251
50 69
38 394
3 490
18 401
22 595
41 152
10 417
20 223
3 587
48 201
28 130
8 303
45 241
41 454
33 460
47 536
2 357
32 192
15 408
22 597
50 396
33 369
18 322
1 408
48 377
8 479
14 303
13 306
23 531
32 466
20 466
44 103
47 55
24 596
15 507
6 291
40 368
37 136
19 205
17 24
36 179
21 139
3 426
28 455
30 132
16 259
49 1
36 560
34 54
15 147
4 269
5 164
37 228
50 312
43 244
39 431
48 150
1 7
4 70
29 79
19 487
23 409
15 332
21 203
30 415
31 570
26 455
12 139
21 341
8 277
44 236
3 52
23 32
20 58
14 373
8 563
1 508
1 286
42 170
10 338
38 522
25 45
13 488
23 371
11 92
38 222
31 460
45 18
3 5
3 146
33 248
19 434
42 517
20 410
4 379
16 287
38 72
40 363
4 468
20 172
13 449
20 567
44 201
41 201
43 281
23 352
37 214
14 535
35 217
17 140
46 169
1 255
1 420
16 553
36 249
10 521
32 517
48 55
40 37
41 149
17 572
8 208
33 144
22 42
14 391
23 462
48 16
23 321
21 272
39 363
1 237
9 9
22 330
31 260
27 344
5 344
16 421
3 156
2 420
27 389
23 35
3 572
3 119
47 260
10 538
46 592
17 195
23 187
41 518
22 228
18 28
29 410
9 519
1 186
8 38
30 297
32 28
9 64
43 340
16 236
36 315
12 497
32 518
47 124
38 586
38 121
42 203
33 582
27 74
15 510
29 499
36 258
18 364
41 564
9 555
31 263
50 50
48 361
15 208
39 101
45 406
11 402
3 364
14 66
19 245
30 312
17 431
32 542
41 230
23 43
29 69
34 532
32 563
30 405
38 116
11 455
39 385
23 553
25 387
20 197
1 281
14 296
36 575
16 563
39 325
37 310
34 326
31 298
23 302
37 434
38 523
10 511
33 34
26 367
30 134
45 201
46 446
47 500
8 356
12 392
43 56
9 196
12 566
15 537
3 218
44 394
5 55
18 330
45 486
39 172
23 567
36 3
46 166
12 102
7 170
23 67
2 489
43 215
23 501
19 509
11 11
38 159
38 281
13 375
11 48
6 270
31 576
25 462
22 364
27 497
46 95
2 458
36 171
21 55
25 6
50 600
37 30
36 338
25 219
2 521
46 77
1 87
10 19
20 278
33 390
19 86
31 425
27 64
10 36
22 240
14 204
3 376
41 167
27 513
49 250
41 402
7 131
50 155
6 385
8 60
10 324
21 182
30 108
26 227
41 46
38 301
3 273
11 113
34 34
41 75
24 281
22 233
31 563
14 570
10 116
5 281
30 203
24 15
24 321
6 586
13 196
3 348
25 75
36 204
24 353
48 533
1 6
2 346
13 214
43 437
36 106
16 29
13 595
49 328
18 504
4 573
35 324
9 447
3 454
11 207
27 144
11 490
4 344
4 336
37 401
19 423
14 17
10 252
45 172
10 290
2 456
24 353
30 234
32 321
4 95
26 444
8 61
14 81
1 5
19 160
2 470
44 132
4 90
2 565
14 283
3 500
38 303
15 181
6 565
49 142
27 165
6 313
4 581
42 493
24 75
36 552
46 473
25 22
34 27
24 352
24 381
49 108
22 277
27 132
39 411
15 268
50 390
3 393
28 364
46 528
13 256
33 29
47 390
46 72
24 389
29 342
11 300
3 366
9 271
24 4
13 326
44 403
44 248
18 17
26 330
38 122
29 454
13 314
42 75
4 45
38 226
13 168
33 391
18 558
34 32
32 161
2 568
23 91
23 591
5 293
7 198
45 249
21 209
42 169
22 109
13 254
22 396
42 246
41 116
46 503
24 401
8 258
10 544
42 139
48 202
29 69
43 212
17 441
26 514
16 54
20 83
48 439
31 65
11 345
9 179
12 13
34 542
50 64
26 592
17 250
20 525
43 228
30 553
5 515
31 99
15 89
39 174
45 20
10 151
21 190
7 127
19 365
10 188
48 3
15 152
25 289
40 409
3 37
44 22
42 435
36 397
28 131
20 526
15 13
23 3
31 305
17 407
14 411
47 326
33 219
24 49
18 487
11 20
32 292
23 440
46 163
42 227
21 388
16 177
41 121
36 528
43 303
33 599
13 238
11 407
25 44
1 470
31 508
44 203
43 196
42 459
18 93
10 317
41 178
1 57
19 339
47 264
32 470
40 410
15 560
45 152
45 348
10 505
24 269
21 239
21 75
47 296
9 277
9 437
26 335
42 473
36 267
13 583
5 540
49 184
22 468
37 536
25 201
3 264
46 226
1 134
11 599
34 131
32 533
34 133
39 311
17 272
17 464
24 359
13 583
10 331
22 83
6 160
44 216
11 596
39 257
36 391
1 550
19 90
30 335
8 69
23 131
25 364
8 391
49 519
2 151
29 175
33 413
25 354
30 104
47 409
34 558
28 349
34 42
47 443
11 310
30 222
18 85
41 497
32 316
39 561
19 217
22 395
30 208
38 62
25 499
42 174
29 387
8 160
34 126
8 375
10 97
40 4
12 490
17 572
13 430
44 161
16 327
47 9
50 206
30 293
42 342
3 116
2 128
41 251
11 80
11 596
44 504
3 153
11 108
29 402
29 439
22 142
37 597
16 111
6 384
38 516
1 538
13 110
14 127
23 170
41 334
38 67
5 102
5 562
43 240
13 138
2 101
3 175
43 215
49 156
26 484
9 282
23 437
38 49
8 357
26 476
13 571
38 213
36 280
16 174
19 520
24 242
15 288
22 413
40 294
48 202
3 497
28 156
15 388
15 329
1 570
2 64
38 453
19 453
14 589
37 35
28 465
15 527
29 369
42 116
26 480
45 237
41 333
32 274
30 480
37 449
24 158
3 477
9 385
29 413
49 553
45 509
9 324
5 365
20 154
30 413
10 517
26 345
31 352
37 179
12 247
30 551
40 225
32 150
37 381
6 139
8 369
26 295
40 21
40 141
1 590
42 394
8 481
6 513
20 553
14 11
2 79
35 473
17 487
12 20
49 260
9 353
1 249
43 180
26 211
43 425
11 39
6 412
21 572
34 339
1 299
24 429
24 253
35 440
10 438
50 537
42 124
26 196
32 162
44 115
6 450
33 66
29 512
49 81
1 208
46 140
35 59
11 129
6 434
25 117
5 120
39 156
20 315
34 365
44 427
2 250
2 225
42 159
25 3
46 461
26 279
32 334
40 540
23 360
6 355
10 44
42 306
13 257
28 583
17 355
43 544
8 349
50 315
25 405
29 267
40 285
9 259
24 527
4 118
37 591
44 576
18 249
28 583
32 333
33 18
50 104
35 566
46 107
37 21
6 550
20 289
10 556
42 452
6 472
4 547
8 510
18 312
45 280
6 243
37 236
31 429
32 201
22 347
7 426
19 256
36 490
40 283
34 269
12 574
36 482
21 151
5 128
19 562
23 473
11 170
1 582
34 232
47 586
2 14
37 488
10 576
30 15
28 350
32 49
41 250
27 172
33 412
28 596
31 315
25 246
5 133
17 451
5 35
28 527
21 352
23 2
26 460
33 6
7 444
32 249
35 583
40 111
31 427
2 484
33 483
31 260
1 213
48 522
45 87
35 546
45 130
28 160
28 51
19 368
45 169
17 307
21 432
20 453
25 431
25 249
49 425
6 147
41 366
5 443
39 445
29 405
46 109
1 497
36 591
33 299
36 364
21 490
20 315
30 317
22 99
11 297
15 361
39 550
47 143
35 288
48 152
22 394
40 470
29 234
48 534
36 46
3 330
43 556
15 361
29 203
1 501
24 346
31 107
7 260
19 131
39 171
26 506
19 159
48 79
22 330
1 238
33 410
6 323
43 308
14 399
1 232
29 492
44 417
38 192
41 366
41 1
32 287
49 50
34 534
13 439
5 458
31 598
37 213
30 581
43 328
13 453
22 119
40 562
15 357
8 96
15 5
28 189
40 521
25 558
25 533
6 113
11 314
42 20
16 197
27 5
31 86
5 292
35 217
33 216
15 85
35 12
50 554
29 76
22 337
12 362
27 489
39 168
4 180
33 520
45 356
2 355
46 543
38 314
31 354
44 583
6 469
1 345
49 435
13 374
15 233
15 265
28 142
30 101
12 541
13 158
47 280
5 432
50 288
46 225
48 311
20 79
15 224
45 70
1 415
4 131
41 248
3 123
10 432
47 257
48 232
7 494
33 476
24 533
15 560
34 523
17 268
26 353
38 137
32 199
16 256
24 340
9 72
15 151
45 238
14 319
16 232
42 61
26 307
16 520
1 238
5 412
29 94
36 376
13 481
2 162
11 134
8 477
44 507
39 542
26 297
8 110
21 282
40 415
38 52
41 164
7 403
35 392
7 414
31 311
12 82
24 392
4 555
11 344
34 523
19 216
13 7
22 244
31 559
31 320
20 273
13 322
44 483
16 210
37 330
14 276
39 230
40 564
48 272
9 121
4 463
28 146
12 213
45 44
39 219
6 245
31 199
34 554
35 360
45 297
13 145
23 125
47 315
8 23
11 170
3 299
11 577
6 440
13 339
21 592
35 514
36 453
29 444
22 457
30 567
10 77
42 194
35 507
18 565
38 374
50 258
22 536
17 57
1 225
6 119
35 302
38 564
47 592
26 245
30 155
39 112
8 179
31 480
32 44
1 313
7 50
42 277
32 55
37 441
26 219
35 393
24 318
43 586
22 118
29 220
28 144
3 355
26 203
18 371
36 86
5 505
21 28
41 4
34 316
33 94
41 340
18 307
4 342
34 445
45 257
43 227
26 513
33 3
28 342
45 585
36 81
24 76
25 275
45 307
36 538
25 151
32 292
15 483
6 301
24 377
43 429
12 410
31 210
9 218
26 594
25 536
30 186
24 450
47 49
5 326
46 238
44 64
4 320
39 67
29 217
32 391
40 293
20 528
16 129
33 134
19 546
39 26
17 156
45 363
29 71
35 427
26 54
10 280
6 271
18 85
20 558
43 557
16 174
8 570
7 599
38 440
15 406
5 113
12 9
35 309
41 309
37 407
31 280
39 56
43 248
21 164
20 483
40 431
5 566
31 76
14 532
8 237
44 45
4 49
18 225
13 535
15 588
6 61
7 437
34 509
46 565
8 563
38 108
14 462
17 256
23 221
27 235
17 439
44 441
32 294
26 511
1 98
49 368
38 467
30 201
27 405
29 239
10 211
32 53
12 496
7 4
4 2
16 9
33 473
37 579
29 21
6 183
7 208
11 453
9 245
40 487
5 387
39 532
13 111
41 222
24 242
47 266
20 424
11 414
38 91
33 155
29 581
40 317
46 227
33 128
15 225
31 522
4 214
22 184
21 365
44 257
19 580
37 251
4 469
7 479
43 134
46 558
41 108
45 93
6 442
32 46
32 115
28 458
10 188
9 104
5 426
1 197
30 528
28 16
9 148
37 599
24 192
32 293
41 176
20 393
33 285
26 400
7 326
16 268
8 588
29 114
40 269
8 134
17 504
41 254
47 440
30 516
13 401
35 562
31 23
24 265
15 5
38 115
36 136
17 547
18 52
40 276
30 312
49 64
10 98
10 103
36 322
47 365
27 382
44 376
28 593
7 582
39 463
27 500
3 304
35 515
16 222
35 75
34 182
18 170
23 337
2 114
43 176
50 290
36 371
41 133
24 4
8 401
36 109
3 79
38 59
30 393
4 81
40 517
27 192
6 308
45 470
31 28
32 411
2 587
29 391
42 581
8 517
16 309
41 464
32 179
46 23
5 561
47 100
2 421
42 587
20 480
40 563
20 452
48 499
33 189
49 291
37 480
18 183
20 23
17 120
34 71
40 441
42 306
8 577
1 50
49 114
24 138
38 108
31 454
24 190
30 137
3 456
16 438
6 436
15 254
11 366
14 361
1 269
25 482
20 591
38 257
8 332
34 315
34 556
25 445
42 296
25 433
7 186
27 337
17 116
16 532
8 478
20 442
2 569
15 257
30 565
37 522
33 268
19 582
30 119
13 111
16 38
44 73
21 334
30 125
6 258
32 226
24 292
11 575
13 261
37 24
22 35
35 198
8 28
16 517
49 379
25 386
43 61
39 515
21 574
44 396
46 156
21 314
19 463
43 16
20 525
21 160
47 475
12 376
49 300
16 279
25 424
16 487
43 584
36 273
7 585
42 16
10 56
10 505
32 539
26 477
1 100
28 130
27 506
43 336
20 227
17 458
49 251
33 365
24 51
4 349
44 50
50 585
15 209
10 281
43 136
46 587
49 48
45 363
8 136
45 351
45 523
44 328
9 480
49 319
6 413
45 500
10 206
50 555
18 203
36 75
39 353
20 191
11 162
26 460
3 154
47 533
42 518
50 114
37 475
35 337
45 79
42 502
10 7
47 596
39 365
34 58
19 359
26 239
29 249
10 415
13 138
42 521
2 246
14 512
31 512
6 118
37 427
29 292
24 192
22 397
46 244
18 580
11 516
47 561
12 106
38 105
9 428
25 20
15 39
43 485
5 191
32 358
11 56
22 460
20 172
11 195
11 42
24 464
24 367
13 141
22 283
20 196
33 439
46 391
39 396
49 247
37 1
4 586
25 149
4 430
17 528
39 442
4 134
1 554
3 113
22 223
40 385
10 21
30 39
29 159
3 276
1 165
35 49
9 113
26 249
39 120
17 9
40 249
28 285
45 183
23 596
14 132
37 290
36 495
33 437
13 275
19 540
16 59
12 233
14 64
45 495
11 567
24 393
18 283
17 295
48 27
17 242
13 164
30 16
43 183
29 389
4 183
32 96
43 507
23 30
18 350
29 558
3 166
31 421
14 255
32 102
13 263
44 171
33 531
24 392
16 257
31 556
44 365
3 587
32 333
18 339
21 98
45 151
5 514
20 435
42 142
42 172
29 263
10 77
32 469
38 269
45 573
49 455
33 450
24 283
26 264
16 165
34 240
33 260
4 64
28 169
43 221
14 83
31 575
11 292
8 545
48 32
39 160
27 87
24 233
25 472
25 427
29 320
12 198
19 542
38 325
22 273
5 129
8 163
18 64
16 230
42 244
36 561
47 302
24 237
47 107
42 476
15 504
47 287
48 84
37 540
50 483
11 32
12 528
19 587
16 187
24 201
30 527
23 177
9 584
11 477
25 509
14 413
7 501
39 210
15 126
3 400
16 551
2 373
8 394
16 481
3 230
45 285
46 65
19 410
46 193
40 159
18 412
25 40
13 170
15 202
32 323
19 55
48 343
45 17
29 546
17 135
35 407
3 467
46 568
41 168
22 396
23 379
15 252
3 74
15 132
45 139
15 57
10 418
43 345
10 556
4 198
21 406
45 581
45 342
48 55
31 6
34 104
34 316
35 27
37 311
4 283
7 213
39 146
49 515
25 49
4 559
3 44
2 549
49 113
34 368
11 282
8 522
11 343
13 175
24 78
48 433
27 596
27 595
27 364
45 73
21 70
1 472
46 204
47 544
44 330
44 514
1 303
14 143
3 243
12 572
12 401
23 284
19 291
42 498
23 218
15 563
15 523
18 210
4 261
15 557
36 128
27 43
21 13
6 265
37 487
25 143
18 464
39 410
4 478
45 39
32 136
25 530
39 183
31 171
10 452
33 371
38 159
7 455
30 396
46 527
23 202
12 69
6 499
43 3
23 589
4 420
34 470
6 44
43 278
10 439
10 312
21 400
17 247
49 600
12 106
3 362
29 383
50 557
9 265
30 276
16 495
33 108
43 480
19 264
8 356
29 478
46 166
9 332
35 569
37 555
14 185
11 339
8 594
32 441
39 450
5 558
7 555
34 506
27 240
22 450
41 207
4 529
41 421
26 213
31 593
29 161
49 302
14 300
34 520
33 177
9 281
2 26
17 316
42 370
15 24
14 499
37 186
24 57
22 170
10 580
13 484
10 528
41 221
46 20
49 108
9 392
34 595
3 240
14 350
33 442
31 381
40 62
5 9
26 471
44 444
46 143
36 513
34 575
34 433
30 580
47 534
50 441
48 576
38 488
42 357
40 175
42 305
23 2
3 357
21 306
23 187
37 344
47 386
49 30
46 511
36 398
30 240
38 536
26 113
49 223
9 247
6 31
48 141
19 457
27 387
43 432
7 469
45 110
14 127
14 425
22 176
16 279
34 437
33 303
9 501
8 196
3 549
33 525
17 111
25 102
24 561
28 89
50 424
15 4
41 532
35 117
1 436
11 398
15 213
5 82
25 455
29 452
43 484
2 38
9 354
35 215
26 95
26 412
3 86
41 290
31 563
11 485
31 314
26 160
23 361
42 341
26 293
4 408
22 477
25 563
40 544
34 44
47 126
24 254
3 224
27 102
13 368
32 548
36 321
13 424
22 287
3 418
38 407
42 169
19 57
45 444
2 351
50 141
49 254
46 70
9 157
50 322
23 340
26 85
5 196
9 120
42 46
42 165
26 50
47 238
2 406
5 594
32 519
49 183
8 61
50 523
23 274
43 301
47 497
26 577
1 64
5 370
47 112
42 265
42 280
42 302
42 478
7 45
18 462
30 584
2 190
25 232
36 281
2 58
9 239
26 510
27 107
40 472
41 95
31 274
5 470
39 312
14 23
44 204
16 171
6 187
30 34
4 153
26 510
15 223
13 119
27 262
15 417
9 481
10 342
3 149
18 414
40 80
4 296
25 593
37 202
27 35
12 213
44 53
11 176
48 51
6 421
10 598
42 414
5 381
13 71
34 349
6 250
28 422
26 122
37 406
32 545
8 584
10 573
12 32
50 427
47 587
33 352
27 468
50 201
33 259
47 393
42 39
36 424
32 474
2 568
27 296
41 391
12 186
27 158
40 78
5 377
24 143
17 399
44 509
15 331
37 104
11 280
46 28
37 299
34 242
24 202
24 255
15 280
31 277
3 174
30 326
7 239
46 301
39 419
24 516
11 128
17 374
10 100
43 576
8 245
47 527
16 158
21 194
37 349
43 100
38 263
35 60
10 443
22 187
1 458
41 196
20 475
40 74
43 221
20 429
46 488
46 464
17 422
3 311
5 112
32 259
27 244
24 37
18 502
31 257
34 322
9 237
12 90
25 129
44 152
21 406
49 206
37 500
37 365
44 527
17 482
8 21
16 279
24 120
1 266
38 44
1 145
11 559
33 50
35 468
21 76
3 16
10 541
38 244
46 586
29 320
43 161
44 586
31 395
18 497
15 198
43 172
36 528
6 232
10 380
10 278
23 69
31 278
23 583
26 445
34 503
47 32
2 19
22 152
29 134
45 417
27 47
40 585
9 300
19 105
47 166
39 351
48 485
40 171
39 415
19 197
23 554
20 401
42 150
43 233
17 118
33 392
1 508
27 277
47 492
25 593
32 212
30 480
33 281
22 28
35 359
22 298
39 109
37 463
14 405
28 343
18 569
16 345
8 345
7 460
5 259
27 507
25 379
10 222
49 397
17 216
13 326
20 95
33 374
34 424
30 292
49 487
28 241
6 268
17 241
39 329
35 432
2 178
2 297
20 570
6 149
12 531
45 296
36 327
5 276
4 331
25 555
46 179
4 499
38 136
18 297
46 249
41 14
36 546
17 477
1 287
4 571
7 340
2 257
36 228
11 105
42 164
23 205
33 254
1 122
45 314
26 450
30 426
40 148
34 194
9 558
28 366
11 471
42 291
6 358
21 101
23 471
1 414
38 285
14 306
26 144
1 210
40 500
19 321
28 543
17 432
5 423
26 484
47 230
45 48
36 200
31 449
19 111
44 419
35 206
46 416
4 452
36 152
21 417
1 272
49 402
36 283
38 581
49 38
39 209
32 181
38 248
12 547
33 277
2 435
28 560
27 289
15 64
32 540
3 539
48 190
11 452
20 139
15 451
41 256
34 143
5 116
26 491
25 369
34 65
32 403
46 585
5 159
29 212
39 306
5 423
38 248
3 279
40 512
45 210
2 257
1 216
2 77
11 66
1 302
37 122
32 458
26 108
47 360
33 394
39 96
5 478
21 69
26 581
1 110
30 280
14 80
43 82
38 275
24 108
44 551
45 273
2 600
3 361
47 297
14 70
41 356
46 16
27 180
38 261
24 318
24 325
32 158
26 216
10 426
1 450
34 387
45 247
3 403
46 432
13 509
10 281
21 90
24 192
41 235
19 553
37 363
13 34
37 138
17 37
24 80
14 338
18 317
17 407
1 321
3 4
17 578
29 457
26 236
24 432
16 505
5 225
27 301
15 341
30 342
27 67
45 136
19 106
19 68
30 502
19 406
12 200
40 350
32 221
33 557
50 112
27 583
36 108
11 17
1 425
33 535
36 496
15 489
46 552
35 57
13 265
14 575
26 547
18 129
15 303
10 590
27 296
34 53
6 316
34 523
34 353
2 167
38 301
49 79
17 434
50 424
37 212
14 190
33 101
10 71
21 363
46 595
5 174
39 342
6 408
43 443
5 100
49 169
49 89
35 552
25 587
47 399
7 309
18 480
39 355
49 104
2 376
12 144
44 27
3 3
9 539
31 133
21 32
21 550
13 241
34 581
35 377
5 18
20 91
50 337
1 305
34 577
3 469
22 331
2 36
18 494
18 390
42 538
4 318
3 300
44 361
16 312
8 74
6 159
25 486
3 283
10 355
4 35
26 169
20 543
24 72
45 490
18 248
35 448
26 390
2 519
5 201
19 428
1 327
29 435
29 461
48 208
11 333
3 551
13 332
5 500
8 593
30 28
36 37
10 391
10 498
24 584
16 272
26 195
3 504
21 487
19 516
5 5
34 324
35 364
35 109
44 269
31 76
45 226
18 167
22 341
35 381
29 143
33 329
25 89
28 592
46 72
42 146
30 486
17 38
3 40
43 565
23 360
39 454
46 520
17 180
26 475
16 512
4 296
2 206
25 292
15 501
21 558
37 593
33 110
19 577
2 165
8 155
28 333
28 456
17 76
39 442
22 88
42 390
46 21
49 415
26 565
6 480
13 552
33 361
8 382
15 6
28 564
48 321
9 14
39 210
3 478
27 578
42 227
39 570
1 78
48 347
43 148
48 530
36 507
8 111
22 151
44 353
31 566
3 488
6 353
42 57
47 271
36 216
24 413
20 362
20 456
23 513
35 266
23 521
28 510
19 374
45 429
45 370
25 477
10 2
41 59
28 16
13 558
23 119
47 116
34 234
50 376
45 150
46 13
14 379
35 267
10 273
2 117
14 136
34 193
39 367
10 296
10 496
17 291
41 31
37 511
38 401
40 535
36 74
21 539
47 474
18 571
19 111
37 83
15 185
27 267
50 304
3 219
33 265
16 216
38 49
35 437
13 507
33 176
39 125
50 17
18 525
9 334
44 587
31 282
37 347
50 534
42 250
36 416
17 492
9 362
32 498
13 85
2 408
8 578
34 133
45 430
37 408
3 306
2 384
43 379
26 232
17 125
36 130
11 400
31 319
41 95
32 346
25 147
10 524
35 491
5 243
49 309
40 117
2 230
3 327
35 108
46 29
9 260
38 106
40 414
50 526
41 578
6 316
4 273
47 293
20 230
3 176
2 78
11 34
28 21
5 263
2 315
31 129
17 450
29 532
32 4
15 45
1 451
5 381
35 467
39 489
12 294
34 294
34 370
8 600
31 157
18 62
38 234
5 457
50 473
15 583
45 513
47 289
10 256
3 374
2 243
8 5
21 188
31 221
9 167
41 447
14 343
26 164
30 225
35 10
24 517
11 435
43 594
14 134
1 138
47 517
18 59
27 61
10 202
24 526
44 465
27 145
28 190
25 540
7 469
44 382
40 339
16 303
16 168
18 446
11 101
23 343
25 64
11 255
41 117
1 530
23 400
37 428
43 289
44 211
17 196
19 255
45 299
35 368
21 100
16 521
39 540
42 449
1 570
16 470
28 10
22 315
40 164
10 287
11 102
39 482
9 569
21 290
34 390
3 114
16 587
10 369
9 419
48 185
46 66
48 420
1 28
8 442
35 63
13 226
9 20
9 250
49 525
15 77
4 43
48 552
48 454
39 518
18 361
37 501
26 327
18 38
7 543
48 543
45 524
37 325
40 450
4 323
49 351
30 502
6 481
2 344
37 100
19 110
46 395
41 128
35 431
29 45
21 467
11 528
41 339
4 422
2 356
39 82
47 104
27 559
42 530
12 485
13 18
12 382
26 597
23 506
45 107
39 155
24 594
11 319
8 311
33 365
40 458
29 513
20 496
32 305
24 356
27 425
8 593
33 493
45 345
47 494
28 553
48 31
45 202
44 507
2 252
13 249
32 430
43 287
41 354
1 353
2 509
5 412
45 123
26 140
42 4
24 385
6 572
39 284
34 337
6 586
8 511
1 133
32 505
31 210
23 385
48 47
21 457
11 279
21 137
22 110
11 232
37 147
19 249
18 6
2 517
21 600
37 300
25 455
32 281
7 266
23 369
21 318
23 452
44 175
7 155
2 270
46 350
34 385
31 521
14 7
19 570
35 261
30 374
31 357
17 86
46 541
23 249
32 358
16 455
44 568
5 407
12 168
32 498
29 62
28 344
11 34
34 453
19 478
42 211
17 300
41 203
32 528
13 132
21 257
2 373
24 161
44 248
40 541
14 15
25 175
20 188
25 107
10 548
29 446
5 471
41 353
22 367
9 343
1 319
13 271
24 273
34 348
6 489
37 489
6 293
22 431
41 522
42 202
45 184
28 155
11 133
9 592
29 97
11 411
30 74
20 48
21 190
30 286
24 307
17 64
49 397
37 356
7 560
6 104
45 33
3 583
1 136
10 159
18 321
16 270
25 67
24 144
8 148
46 473
49 360
15 335
42 155
5 545
4 161
34 53
24 298
23 500
19 303
17 570
3 389
7 497
8 571
29 201
16 243
2 474
8 377
1 279
7 236
50 429
45 290
23 49
44 80
34 542
40 232
18 102
46 208
47 556
37 79
6 587
27 152
49 557
13 244
26 136
43 387
32 519
37 268
38 106
19 51
7 285
27 592
21 196
23 204
41 321
4 20
4 374
47 394
4 524
26 493
49 317
1 529
16 201
25 349
9 484
34 437
27 224
42 193
27 392
34 359
48 569
14 227
2 328
25 87
28 6
39 58
7 531
44 540
21 562
22 180
50 535
23 169
40 490
35 4
40 494
33 185
16 421
41 473
33 179
16 560
43 130
29 245
45 208
42 187
13 212
37 313
50 215
50 471
48 85
40 366
50 325
8 12
2 380
9 244
29 22
47 470
49 462
1 133
3 547
46 86
8 381
19 585
45 381
15 323
38 489
14 361
3 68
32 462
44 204
6 5
46 269
48 236
19 303
19 45
12 263
42 27
31 347
17 109
28 572
49 360
15 159
37 260
38 324
34 430
46 71
26 515
9 365
35 595
8 558
36 166
28 167
24 286
28 180
36 240
23 570
9 191
29 214
39 193
18 569
26 244
35 306
17 160
21 288
8 340
45 411
11 385
42 37
27 36
5 578
7 27
36 394
29 386
8 389
17 597
33 286
42 247
21 243
45 160
39 387
43 49
35 206
32 253
17 468
24 307
46 515
46 478
12 442
30 275
24 539
27 228
29 206
11 423
3 168
46 455
8 468
23 215
23 225
38 480
4 581
25 110
14 528
41 251
34 85
17 101
36 190
6 472
24 298
23 516
15 72
18 173
41 360
26 374
46 135
8 111
22 386
34 547
47 427
19 167
34 297
25 474
7 471
18 135
26 154
22 279
27 342
31 407
47 346
46 392
2 120
1 582
21 467
24 469
11 507
49 201
37 237
27 442
4 237
28 200
49 256
29 599
48 495
28 123
37 578
9 394
36 375
32 499
36 468
6 207
18 165
7 195
19 457
7 336
16 520
27 128
34 108
4 282
20 544
41 530
16 516
39 238
38 525
41 506
41 508
25 378
1 591
40 310
39 104
33 231
28 274
31 244
22 407
16 192
48 287
13 503
1 215
26 510
5 389
5 549
47 452
49 426
26 363
30 452
30 430
21 62
19 195
4 210
6 556
46 126
1 224
9 529
3 252
50 592
46 233
38 308
3 374
30 499
6 431
31 440
26 554
40 30
27 164
46 309
4 579
17 111
26 337
30 289
22 300
28 246
8 212
47 565
13 175
48 106
47 319
11 319
41 84
7 177
36 121
46 443
46 308
41 80
7 416
26 489
10 446
32 378
20 135
16 15
33 262
21 385
40 150
13 388
25 423
44 181
8 594
4 276
20 386
34 383
50 301
44 565
20 276
9 174
46 579
17 392
21 576
28 360
47 440
28 67
14 297
32 432
37 347
18 501
4 259
36 495
47 346
37 491
41 588
38 345
7 355
14 418
23 273
17 47
14 438
21 7
32 309
32 200
2 595
28 414
42 109
5 168
30 146
43 393
25 62
45 21
12 452
35 190
31 176
13 3
35 387
41 320
14 328
50 166
6 327
22 244
28 79
20 78
22 578
14 124
4 509
42 73
45 382
33 370
50 149
47 536
42 493
35 330
43 533
33 306
23 359
42 297
13 102
47 247
1 152
48 51
10 133
9 133
33 39
13 354
17 584
9 428
48 328
15 60
34 493
22 108
12 31
25 587
20 267
18 293
43 405
23 376
1 467
33 558
31 508
21 135
48 241
24 101
23 60
46 322
2 565
38 249
3 117
18 211
18 153
32 69
31 579
31 498
47 269
39 68
5 330
27 208
19 193
35 378
3 503
40 438
16 321
32 217
4 409
50 555
39 203
4 502
32 335
25 581
27 248
34 208
46 308
39 451
11 306
25 258
5 10
33 513
16 388
9 321
32 393
1 324
45 175
2 433
11 379
23 149
18 516
45 72
5 536
5 421
25 293
40 541
50 360
32 285
14 142
28 496
31 38
37 460
17 269
31 175
9 385
37 30
44 455
27 173
7 184
15 168
26 363
21 280
31 41
10 156
46 591
21 266
39 428
12 599
2 450
46 493
46 363
47 130
33 501
25 219
35 492
46 544
1 173
25 3
49 234
8 295
35 593
20 214
12 460
39 523
17 389
5 396
44 530
11 185
41 441
28 151
20 429
9 375
47 208
12 360
19 398
1 526
13 589
16 77
16 302
4 268
12 380
20 599
38 271
38 52
21 375
22 123
12 595
21 562
3 254
4 502
43 444
5 450
9 276
14 361
39 472
6 263
47 547
8 184
26 500
37 455
49 294
9 550
35 523
23 315
39 107
43 147
20 92
17 22
4 437
23 418
22 416
30 101
12 130
4 5
9 527
37 166
46 499
43 166
7 566
42 479
5 3
23 382
41 93
2 356
6 517
30 461
50 460
6 3
41 470
48 92
17 262
27 403
36 383
49 490
27 54
49 589
21 495
9 488
28 66
47 496
49 202
43 355
23 100
17 571
39 60
44 79
18 227
49 181
22 107
15 541
29 174
24 168
38 534
33 434
16 109
11 576
49 383
44 428
42 64
1 116
50 139
29 185
29 94
34 586
8 440
6 372
12 506
38 207
30 216
31 245
14 108
30 438
20 256
45 160
12 252
35 545
34 197
21 353
22 430
4 315
40 397
27 451
4 494
37 407
15 299
50 105
26 372
18 358
30 4
7 397
34 378
37 396
39 379
47 135
30 374
48 287
36 73
19 171
9 318
20 222
6 556
16 174
34 130
23 17
26 291
27 329
39 286
28 398
19 375
6 487
32 93
9 207
14 50
37 22
24 428
23 234
14 313
39 574
46 429
32 166
31 370
23 419
37 341
1 72
23 186
28 536
8 432
22 264
18 119
47 293
29 8
40 250
19 36
43 482
17 521
11 278
35 418
45 243
40 571
9 213
26 183
9 450
2 371
29 376
30 107
22 555
24 568
32 419
16 179
24 252
13 216
24 598
39 452
18 421
2 410
26 406
46 19
20 173
31 67
43 109
34 135
39 286
39 271
31 401
30 59
8 159
16 320
44 369
24 561
5 586
39 594
50 533
20 108
5 338
13 503
29 11
5 381
40 18
28 81
16 298
3 325
13 69
42 327
9 301
4 4
42 489
7 270
44 250
47 553
33 25
17 52
34 263
22 434
27 104
4 263
7 223
20 566
18 547
25 415
26 145
19 408
18 253
28 555
1 325
23 285
49 496
38 441
15 241
45 230
11 405
21 82
37 56
6 132
21 144
49 446
8 486
13 295
39 505
32 192
28 9
30 386
4 218
22 22
16 185
46 539
10 176
24 52
41 594
41 42
12 104
15 527
35 487
43 68
48 110
7 454
8 87
1 209
24 173
32 167
50 193
23 397
46 1
31 377
33 600
12 550
12 454
3 316
34 388
36 509
49 110
36 579
4 106
47 589
47 371
29 401
17 464
24 167
14 585
48 253
16 148
19 230
13 514
37 324
8 394
27 348
28 499
3 567
33 528
23 348
3 569
22 284
33 600
49 319
5 292
10 88
19 280
16 530
24 589
49 132
17 59
17 330
27 201
11 546
35 259
49 321
6 337
17 15
9 65
44 157
25 202
35 121
27 594
12 284
1 95
34 112
6 468
2 288
36 476
3 102
1 404
19 188
39 394
18 320
27 171
44 414
47 110
50 12
30 416
30 422
19 49
5 443
36 132
2 466
48 181
42 170
34 410
46 475
16 540
3 263
2 556
27 207
35 362
4 291
17 340
8 409
17 467
40 40
27 161
28 92
19 357
39 446
15 443
48 134
50 304
25 338
24 311
9 536
27 498
5 229
28 292
37 201
21 189
8 64
41 354
1 82
34 158
35 29
11 192
10 114
6 56
50 524
27 309
5 487
29 233
22 295
34 299
10 567
26 427
41 252
17 396
41 532
43 59
1 434
38 27
50 98
49 89
45 293
9 593
39 345
23 494
18 527
47 505
11 432
23 67
7 562
31 61
5 113
33 401
17 524
50 109
17 246
20 260
36 171
10 22
19 168
14 476
24 145
50 160
44 305
40 399
28 120
1 46
11 295
17 84
27 593
35 471
47 504
7 471
19 355
1 305
8 13
6 250
8 550
40 84
29 520
21 348
41 143
38 109
11 435
42 598
48 443
37 444
46 449
49 243
22 19
26 527
36 506
29 247
13 256
6 502
40 399
10 281
42 218
6 94
14 89
17 16
45 460
37 250
49 148
37 425
17 347
46 568
37 498
4 250
46 62
15 93
15 223
5 573
9 257
22 404
47 362
4 531
2 66
32 240
12 60
31 210
43 528
18 543
42 494
33 337
14 250
23 423
26 170
32 73
29 311
7 330
28 33
40 336
10 129
28 563
36 525
31 250
35 90
48 335
12 146
22 481
33 20
4 358
43 329
29 130
21 381
14 59
8 427
24 127
47 362
2 360
10 125
24 346
18 597
9 161
1 217
31 558
13 573
25 528
9 554
12 213
7 312
20 163
21 111
8 162
10 103
26 468
35 16
20 7
31 26
2 77
32 99
4 270
37 30
21 176
1 98
9 154
20 210
37 574
32 91
14 561
27 423
7 320
6 438
38 151
25 503
9 190
49 577
11 473
5 214
31 391
48 486
21 395
18 569
43 364
23 144
41 458
12 274
43 106
2 278
32 569
3 159
48 64
28 435
43 186
43 356
3 390
25 219
29 61
32 198
14 338
6 399
15 18
43 156
9 535
13 415
22 390
31 204
14 83
43 593
22 16
37 377
40 98
19 363
30 95
5 497
1 463
31 56
43 326
44 332
41 228
11 241
43 116
24 534
9 408
46 114
34 554
8 418
6 549
24 211
42 260
21 279
50 466
50 69
25 501
25 404
42 100
35 451
4 582
37 584
28 406
40 17
26 377
45 404
14 312
36 108
45 258
43 531
12 315
6 39
42 376
18 520
13 171
12 97
39 157
17 488
29 307
30 88
32 498
34 184
7 91
21 366
44 569
5 575
31 243
21 568
32 365
26 194
22 131
2 441
2 289
41 422
49 521
22 430
13 577
20 183
32 558
41 317
37 527
12 188
22 374
35 13
20 364
17 157
21 264
32 336
29 419
41 161
36 362
20 61
44 459
15 521
10 590
4 101
35 568
22 227
33 495
44 334
46 345
15 285
43 10
31 59
49 52
39 280
20 155
20 249
43 370
19 245
38 525
4 120
24 585
50 22
33 171
4 86
22 305
25 310
7 472
15 233
36 504
16 356
10 181
50 397
45 374
29 367
31 61
17 574
36 12
36 394
34 93
50 418
38 536
7 214
31 417
3 305
20 550
10 244
38 286
23 35
33 52
27 229
19 334
33 369
27 470
37 362
13 427
50 434
22 114
10 162
11 334
42 252
48 570
22 225
22 274
8 269
22 46
35 398
22 581
36 355
30 182
47 492
50 515
22 2
44 23
3 360
35 239
43 563
4 479
49 208
27 526
3 598
23 151
35 285
26 68
41 208
32 145
42 216
17 37
28 45
16 346
15 229
25 175
29 424
29 218
23 458
15 191
5 454
33 125
14 491
49 327
26 65
17 340
9 576
5 180
5 202
41 360
39 597
40 56
9 455
33 311
11 95
32 549
48 472
14 386
12 151
5 309
20 252
45 209
3 32
30 69
46 412
8 482
31 432
42 178
21 413
25 143
9 389
47 338
30 341
41 450
30 247
26 147
40 404
4 273
19 404
35 430
21 425
25 337
48 264
44 490
3 518
41 524
17 191
49 171
2 597
27 515
43 263
23 543
36 153
41 420
24 52
15 314
28 559
8 515
45 409
42 241
28 515
34 99
3 347
50 546
27 217
49 222
5 238
10 15
31 185
50 256
18 102
19 112
7 184
35 41
1 242
4 21
23 335
19 136
16 39
33 480
6 9
25 501
10 151
46 372
44 94
22 29
35 554
1 538
9 315
38 509
42 569
21 463
1 97
36 521
48 52
19 562
26 456
31 475
23 175
8 331
44 6
24 5
13 593
40 273
44 26
16 166
29 349
13 202
35 10
40 296
32 143
18 535
26 483
7 198
1 13
10 76
42 89
13 523
4 506
41 412
34 239
44 15
43 47
32 485
43 190
41 379
14 396
50 600
31 501
37 441
50 573
35 503
42 564
12 333
42 129
46 377
2 295
46 469
31 84
4 515
28 534
31 352
7 501
15 48
49 90
39 2
14 77
31 338
28 487
13 391
26 213
39 530
1 365
44 259
45 335
40 88
22 507
29 194
28 49
28 241
30 478
22 113
14 280
33 577
17 544
3 326
33 241
49 470
11 57
7 415
8 69
5 26
30 63
34 125
19 292
16 159
12 276
29 37
27 213
32 259
24 160
22 24
18 177
36 142
39 250
9 448
34 490
19 269
40 214
7 158
37 237
22 587
8 89
34 184
4 134
24 506
25 328
2 527
6 325
23 584
11 565
7 496
35 56
44 367
7 353
5 45
7 166
8 442
25 307
2 247
20 45
38 93
6 336
30 461
36 80
46 457
14 149
12 275
26 34
2 558
49 21
31 108
5 487
33 262
21 52
34 450
39 431
7 516
